1398 2667
1 1 0 3
2 14.6722 -3.11868 5
3 0.99578 0.000597007 3
4 0.990591 0.001327 3
5 0.983763 0.00228039 3
6 0.975019 0.00348939 3
7 0.964397 0.00494071 3
8 0.951941 0.00661898 3
9 0.937699 0.00850683 3
10 0.921729 0.010586 3
11 0.904095 0.0128365 3
12 0.884865 0.0152379 3
13 0.864116 0.017769 3
14 0.841929 0.0204083 3
15 0.818392 0.0231338 3
16 0.793599 0.0259237 3
17 0.767647 0.0287553 3
18 0.740638 0.0316064 3
19 0.71268 0.0344535 3
20 0.683881 0.0372731 3
21 0.654357 0.0400409 3
22 0.624225 0.0427316 3
23 0.593601 0.045319 3
24 0.562608 0.0477765 3
25 0.531368 0.0500762 3
26 0.500003 0.05219 3
27 0.468639 0.0540892 3
28 0.437398 0.0557454 3
29 0.406405 0.057131 3
30 0.375781 0.0582192 3
31 0.345647 0.0589851 3
32 0.316122 0.0594064 3
33 0.287323 0.0594636 3
34 0.259363 0.059141 3
35 0.232352 0.058427 3
36 0.206397 0.0573142 3
37 0.181601 0.0558005 3
38 0.158061 0.0538885 3
39 0.13587 0.0515853 3
40 0.115115 0.0489031 3
41 0.0958781 0.0458577 3
42 0.0782345 0.042469 3
43 0.0622529 0.0387594 3
44 0.0479948 0.0347534 3
45 0.0355141 0.0304762 3
46 0.0248554 0.0259523 3
47 0.0160537 0.021203 3
48 0.00913239 0.0162402 3
49 0.00411087 0.0110567 3
50 0.00103425 0.00562513 3
51 1.81798e-17 7.34558e-10 3
52 0.00103425 -0.00562513 3
53 0.00411087 -0.0110567 3
54 0.00913239 -0.0162402 3
55 0.0160537 -0.021203 3
56 0.0248554 -0.0259523 3
57 0.0355141 -0.0304762 3
58 0.0479948 -0.0347534 3
59 0.0622529 -0.0387594 3
60 0.0782345 -0.042469 3
61 0.0958781 -0.0458577 3
62 0.115115 -0.0489031 3
63 0.13587 -0.0515853 3
64 0.158061 -0.0538885 3
65 0.181601 -0.0558005 3
66 0.206397 -0.0573142 3
67 0.232352 -0.058427 3
68 0.259363 -0.059141 3
69 0.287323 -0.0594636 3
70 0.316122 -0.0594064 3
71 0.345647 -0.0589851 3
72 0.375781 -0.0582192 3
73 0.406405 -0.057131 3
74 0.437398 -0.0557454 3
75 0.468639 -0.0540892 3
76 0.500003 -0.05219 3
77 0.531368 -0.0500762 3
78 0.562608 -0.0477765 3
79 0.593601 -0.045319 3
80 0.624225 -0.0427316 3
81 0.654357 -0.0400409 3
82 0.683881 -0.0372731 3
83 0.71268 -0.0344535 3
84 0.740638 -0.0316064 3
85 0.767647 -0.0287553 3
86 0.793599 -0.0259237 3
87 0.818392 -0.0231338 3
88 0.841929 -0.0204083 3
89 0.864116 -0.017769 3
90 0.884865 -0.0152379 3
91 0.904095 -0.0128365 3
92 0.921729 -0.010586 3
93 0.937699 -0.00850683 3
94 0.951941 -0.00661898 3
95 0.964397 -0.00494071 3
96 0.975019 -0.00348939 3
97 0.983763 -0.00228039 3
98 0.990591 -0.001327 3
99 0.99578 -0.000597007 3
100 14.9997 -0.101178 5
101 14.7129 2.92043 5
102 13.8238 5.82244 5
103 12.3688 8.48604 5
104 10.4073 10.8022 5
105 8.0198 12.676 5
106 5.30394 14.0308 5
107 2.37099 14.8113 5
108 -0.658997 14.9853 5
109 -3.66198 14.5459 5
110 -6.51505 13.511 5
111 -9.1014 11.9231 5
112 -11.3151 9.84697 5
113 -13.0656 7.36776 5
114 -14.2812 4.58693 5
115 -14.9122 1.61834 5
116 -14.9327 -1.4165 5
117 -14.342 -4.39337 5
118 -13.1641 -7.1904 5
119 -11.4473 -9.69308 5
120 -9.26181 -11.7989 5
121 -6.69714 -13.4218 5
122 -3.85829 -14.4951 5
123 -0.861483 -14.9751 5
124 2.17063 -14.842 5
125 5.1139 -14.1012 5
126 7.84786 -12.7832 5
127 10.2605 -10.9418 5
128 12.2531 -8.65227 5
129 13.744 -6.0085 5
130 0.535173 -0.0844126 0
131 0.868928 0.50447 0
132 -0.0510833 4.49884 0
133 -0.118456 -0.60244 0
134 -0.814411 1.09256 0
135 1.07717 0.0350358 0
136 1.49918 6.63949 0
137 -0.667461 -12.2647 0
138 1.50085 -8.03946 0
139 0.201843 0.569342 0
140 -0.560822 0.501959 0
141 0.0875185 0.211299 0
142 -0.112427 0.286576 0
143 1.63079 -2.21103 0
144 1.81704 2.66354 0
145 3.02063 3.64876 0
146 -0.111323 -0.039997 0
147 1.03134 0.709593 0
148 -0.167404 0.422385 0
149 -0.0891807 0.0153809 0
150 0.731871 -0.796733 0
151 1.08041 -4.40851 0
152 0.354698 -0.132297 0
153 0.110791 0.132336 0
154 1.16654 2.9868 0
155 0.16975 0.266281 0
156 0.769098 0.783516 0
157 0.180623 -1.10699 0
158 0.540841 0.126093 0
159 0.311369 0.132167 0
160 -3.00185 11.9544 0
161 0.709351 -0.290894 0
162 1.04956 -0.0925093 0
163 0.973878 0.543151 0
164 0.347796 -0.311886 0
165 0.606183 0.403521 0
166 1.1337 -0.49069 0
167 1.12649 0.426265 0
168 -0.206539 -5.38987 0
169 0.601632 -0.120673 0
170 1.13842 1.95209 0
171 1.23063 -0.804739 0
172 -12.1709 1.32084 0
173 -0.0987573 0.665948 0
174 -0.838088 3.59569 0
175 2.78002 -6.22548 0
176 8.19352 -1.64087 0
177 -0.472013 -1.95973 0
178 1.14199 -0.109175 0
179 -0.221117 0.137833 0
180 0.658182 -2.3843 0
181 0.583116 -0.236457 0
182 0.284853 -0.0915291 0
183 0.0231969 0.0788303 0
184 -3.62812 -0.348492 0
185 0.84708 -0.0778671 0
186 -0.0347155 -0.457156 0
187 0.568711 -0.660447 0
188 1.14345 0.107076 0
189 0.126797 -0.839671 0
190 1.50911 8.12535 0
191 0.97508 -0.0849795 0
192 3.46644 0.525276 0
193 1.02146 3.59986 0
194 -0.0660838 0.00717168 0
195 1.05127 -1.93418 0
196 0.942289 -0.0796898 0
197 1.02456 -0.00560123 0
198 1.21104 -0.249353 0
199 -4.76123 2.68883 0
200 0.0738148 3.07487 0
201 0.0432347 0.248987 0
202 -0.417978 -8.19663 0
203 -1.31542 5.36758 0
204 -0.00626176 -0.000594013 0
205 -7.79588 2.50663 0
206 -0.71438 -3.00669 0
207 0.256785 -0.810985 0
208 0.1001 0.723619 0
209 4.33362 3.8279 0
210 0.5975 1.2775 0
211 -0.120648 -0.116539 0
212 0.00584247 -0.0415861 0
213 1.00993 -7.17387e-05 0
214 0.0318226 2.36085 0
215 -0.0999383 -0.299892 0
216 0.922925 -0.685044 0
217 0.803238 -0.129639 0
218 1.37918 -5.44308 0
219 0.717127 2.39067 0
220 2.00824 3.32899 0
221 -0.0116409 0.0127666 0
222 1.17917 -0.614151 0
223 5.36705 -2.05896 0
224 0.0908236 -0.124678 0
225 1.01909 0.181719 0
226 -4.4037 -0.417731 0
227 -0.0335366 0.0167144 0
228 0.559558 0.521977 0
229 0.864699 -1.05347 0
230 1.01077 0.0123621 0
231 -0.653436 -0.871084 0
232 -0.653102 -0.369371 0
233 -3.66766 -7.37445 0
234 5.79737 -0.0346716 0
235 0.92014 0.776955 0
236 -0.556761 -1.18502 0
237 1.0667 -0.315756 0
238 -0.28196 0.268942 0
239 0.946906 0.10359 0
240 -1.54465 -1.32866 0
241 0.438013 0.51838 0
242 0.998135 0.0258643 0
243 0.410446 -0.0909974 0
244 0.889585 -0.803316 0
245 0.751855 -0.147783 0
246 1.5248 1.78497 0
247 1.32533 4.40059 0
248 -2.12983 -1.16853 0
249 -0.264959 0.388036 0
250 0.601007 1.91898 0
251 2.05645 12.1047 0
252 -0.111468 -0.169515 0
253 0.687504 -1.95572 0
254 0.978092 1.54423 0
255 0.115734 1.62125 0
256 -0.0121621 -0.207583 0
257 1.01532 0.00695484 0
258 -0.111329 -4.4958 0
259 3.30743 7.53702 0
260 0.225941 0.165781 0
261 -0.190951 0.180557 0
262 -0.0185982 0.0927757 0
263 1.28648 0.933909 0
264 1.71169 1.28514 0
265 -0.0222411 -0.0127454 0
266 0.985798 0.230212 0
267 -0.541017 1.19277 0
268 0.673159 -0.223584 0
269 0.782462 -1.55708 0
270 0.00307039 0.0972428 0
271 0.970041 1.05768 0
272 0.137435 0.840206 0
273 0.704484 0.217686 0
274 0.0329022 -3.07282 0
275 6.44572 2.47253 0
276 0.286457 0.513479 0
277 0.21597 -0.281827 0
278 0.715826 -0.066408 0
279 1.01173 -0.0219003 0
280 0.935808 0.154359 0
281 -0.519492 12.2244 0
282 0.566789 0.0819059 0
283 1.40787 -1.42825 0
284 1.36766 1.21169 0
285 0.030927 -1.91452 0
286 -6.39751 -1.96304 0
287 1.46999 5.41135 0
288 -5.43424 0.593394 0
289 0.0160763 0.218633 0
290 -0.247934 1.30725 0
291 1.56198 -9.91175 0
292 -0.307445 8.20217 0
293 -0.133051 -0.704951 0
294 1.4419 -0.339767 0
295 -0.0617315 0.0481181 0
296 0.468266 -0.819996 0
297 1.76258 9.92936 0
298 -0.022892 0.259763 0
299 -9.97572 -0.948186 0
300 3.98681 -5.57561 0
301 0.0506662 -0.143684 0
302 0.514383 -0.179492 0
303 1.03936 0.0293795 0
304 0.166895 -0.266135 0
305 8.21495 1.53656 0
306 -0.230997 0.0250688 0
307 1.10619 -0.0242231 0
308 1.06702 -0.0791832 0
309 -10.724 6.04972 0
310 0.194848 1.1077 0
311 0.0907765 0.0655424 0
312 -0.44588 1.96649 0
313 -0.0496865 -0.010417 0
314 -2.09512 -8.05217 0
315 0.301787 -0.240979 0
316 0.126152 0.234155 0
317 10.1795 6.85184 0
318 0.48394 0.410913 0
319 -0.372891 -0.329808 0
320 1.02463 0.00524514 0
321 -0.201284 6.6208 0
322 -0.371777 -0.84058 0
323 0.880093 -0.199059 0
324 0.844399 1.20817 0
325 3.16428 -7.5482 0
326 0.508425 0.82331 0
327 3.85073 9.31194 0
328 -0.0780108 0.0501614 0
329 1.0601 -0.206019 0
330 1.14765 0.597233 0
331 -1.5798 -0.149858 0
332 -0.14205 0.0515223 0
333 0.79605 -0.328648 0
334 0.918052 -0.17625 0
335 1.05301 0.0608666 0
336 -1.84619 -2.38523 0
337 -0.222813 -0.134777 0
338 -1.33142 -2.71096 0
339 2.63582 -0.0118224 0
340 0.862745 0.221766 0
341 -0.172756 -0.419758 0
342 0.9993 -0.0861966 0
343 -0.825145 0.740487 0
344 -0.548871 -0.487567 0
345 0.579648 1.56566 0
346 0.993537 0.0340211 0
347 0.468328 -0.319604 0
348 0.837507 -0.232611 0
349 1.05867 -0.0276622 0
350 1.13189 2.31088 0
351 -5.87203 -3.21081 0
352 -0.0698731 0.133371 0
353 -0.0203263 -0.0536801 0
354 0.0277351 -0.0593732 0
355 0.0945207 -1.62018 0
356 1.90463 -12.087 0
357 1.05796 -0.255579 0
358 1.09808 0.31975 0
359 1.24677 0.4456 0
360 0.968878 0.0521083 0
361 -1.5606 3.29512 0
362 0.646151 0.228113 0
363 -6.22071 -7.93393 0
364 0.672553 -0.505243 0
365 0.853292 -2.95498 0
366 0.896759 0.338236 0
367 -2.59089 -9.78698 0
368 2.85949 0.844268 0
369 0.745856 -0.371411 0
370 -0.366162 10.0814 0
371 -9.28715 8.08475 0
372 -2.38378 4.97801 0
373 2.17823 -4.06254 0
374 0.116989 -0.654983 0
375 -2.32046 -0.715806 0
376 -1.96744 0.218495 0
377 0.0578732 0.0558197 0
378 -0.0290827 0.458613 0
379 0.780588 -3.58216 0
380 2.3149 -1.01099 0
381 -0.00222853 0.014625 0
382 0.39826 -0.243375 0
383 1.34066 -6.57733 0
384 2.05508 -1.96956 0
385 1.0036 0.00268843 0
386 0.997254 0.00539682 0
387 0.59458 1.03105 0
388 1.00361 -0.0274208 0
389 -0.685681 0.074413 0
390 1.34387 -0.0784388 0
391 -1.35181 -5.25286 0
392 -3.98173 2.25461 0
393 0.240388 0.36754 0
394 -0.188397 -0.0235218 0
395 4.14349 2.34641 0
396 0.441862 0.0898119 0
397 -1.04882 -0.901303 0
398 1.10651 0.0226833 0
399 0.602653 0.120515 0
400 -1.09588 -2.28082 0
401 0.886795 -0.0374941 0
402 0.750415 0.370706 0
403 1.70327 -2.63749 0
404 0.431252 0.243732 0
405 5.03914 -4.77243 0
406 1.01783 -0.0611045 0
407 -1.05302 4.47898 0
408 0.088898 -0.4496 0
409 -0.55537 -0.0526818 0
410 -0.438764 0.146699 0
411 0.770384 -0.0576553 0
412 1.17194 0.197434 0
413 -5.07492 -6.48392 0
414 -0.0622275 -0.0472246 0
415 -0.468374 -0.988193 0
416 1.54975 -0.0039732 0
417 0.15664 0.0798549 0
418 -0.0321089 -0.139473 0
419 -2.28793 2.01035 0
420 -0.179146 -0.175273 0
421 0.551778 -1.03153 0
422 4.34364 -11.461 0
423 1.20315 -0.0957819 0
424 0.00218545 0.0393065 0
425 -10.8048 -5.90413 0
426 -0.0103126 0.0416534 0
427 0.816631 0.241813 0
428 0.170735 -0.555498 0
429 1.03115 0.101538 0
430 1.08164 0.147427 0
431 -0.102097 -0.0619081 0
432 -4.98694 6.55208 0
433 -4.34412 9.03466 0
434 -2.289 -2.93701 0
435 -0.360761 0.845981 0
436 0.86942 0.0698457 0
437 -0.94048 -3.65608 0
438 1.6276 0.284952 0
439 0.0546767 -2.48139 0
440 0.0138047 3.71831 0
441 -3.44789 3.01069 0
442 -0.857311 1.82512 0
443 0.148197 -0.198247 0
444 -0.829975 -0.259844 0
445 0.0131324 0.0501248 0
446 0.052041 0.14404 0
447 0.493714 -1.25838 0
448 0.0390227 -0.0679667 0
449 4.85615 -2.96491 0
450 0.254397 -0.125222 0
451 0.397095 0.640709 0
452 1.36891 -0.688667 0
453 1.00579 -0.0532978 0
454 1.01135 0.0513053 0
455 0.50273 0.318544 0
456 0.723692 -1.26592 0
457 1.02838 -0.112205 0
458 0.978275 -0.052086 0
459 1.2161 -0.94799 0
460 2.03565 -0.236235 0
461 -3.15161 -11.8791 0
462 1.00798 -0.00613427 0
463 -1.46559 0.838322 0
464 0.257526 0.0889935 0
465 2.06995 0.798645 0
466 -2.85884 -2.43165 0
467 1.3449 0.0734526 0
468 0.649612 0.510639 0
469 -3.02443 -6.11671 0
470 0.90509 -0.248463 0
471 0.716258 0.0663399 0
472 2.42681 -1.68584 0
473 -0.756041 0.432183 0
474 1.00281 -0.00961478 0
475 -0.322422 1.65991 0
476 0.0324662 -1.3121 0
477 2.50824 4.9948 0
478 -1.25052 0.407085 0
479 1.5068 0.581947 0
480 -0.00227629 -0.014539 0
481 -0.149719 -0.352111 0
482 1.17665 -0.00127669 0
483 0.143037 0.328448 0
484 0.019432 -0.0367603 0
485 -6.22769 5.43051 0
486 -0.0418518 -0.0593049 0
487 1.6237 -0.29406 0
488 0.0330551 -1.02553 0
489 0.89721 0.138152 0
490 0.925969 0.233507 0
491 -0.0713852 -0.132202 0
492 -4.01176 -2.20052 0
493 0.78864 0.466755 0
494 0.123677 -0.23403 0
495 -9.38389 -7.95021 0
496 0.198948 -0.161379 0
497 4.50218 11.4328 0
498 1.00737 0.0240376 0
499 1.02298 0.0414987 0
500 -0.325791 -0.183988 0
501 -1.814 2.41015 0
502 0.370693 0.241417 0
503 -0.828911 -1.08133 0
504 0.490417 -0.243308 0
505 -1.06528 2.29582 0
506 0.560761 -0.315307 0
507 0.834037 0.172143 0
508 -0.320884 -1.35441 0
509 1.20442 0.0928151 0
510 -0.259805 -6.77 0
511 0.155728 1.3416 0
512 -1.26874 1.11711 0
513 0.071101 0.536213 0
514 -0.293728 0.661051 0
515 2.46326 -5.05281 0
516 2.87724 6.11978 0
517 5.63711 8.37347 0
518 -0.285038 -0.0931391 0
519 -0.0481541 0.176496 0
520 0.388379 -0.405129 0
521 0.180076 0.0828764 0
522 0.228964 -0.463682 0
523 0.332883 0.179732 0
524 1.12516 -0.23364 0
525 1.04737 1.29367 0
526 0.631373 -0.399716 0
527 1.03218 0.843688 0
528 -1.97446 8.00221 0
529 4.04967 -0.695641 0
530 -1.12545 -4.37862 0
531 1.05181 -0.0398337 0
532 -0.526248 0.309586 0
533 0.268056 -0.309611 0
534 0.0394735 0.0680834 0
535 0.866401 -0.293395 0
536 -0.199118 -1.06075 0
537 1.35764 0.266956 0
538 -7.70879 -6.53223 0
539 2.03873 0.221218 0
540 -0.0139182 0.00151046 0
541 0.99954 -0.272121 0
542 0.923297 -0.0292013 0
543 -0.00185417 -0.275143 0
544 1.49889 -0.589463 0
545 -2.11389 1.19724 0
546 -0.120829 -3.65503 0
547 -3.46979 1.11896 0
548 2.44942 1.66433 0
549 1.04847 -0.000350309 0
550 -0.0111208 -0.123233 0
551 0.82928 -0.409832 0
552 1.42966 1.45021 0
553 2.84791 -0.871244 0
554 0.0769489 -0.341042 0
555 0.906162 0.0336922 0
556 1.03243 -1.51543 0
557 0.662896 0.113511 0
558 -0.269903 -0.384209 0
559 -1.47666 -0.818378 0
560 0.748275 0.100838 0
561 12.3037 -0.0816941 0
562 -0.106346 0.116489 0
563 0.967643 0.317763 0
564 -3.45956 -2.94613 0
565 0.392546 0.182181 0
566 0.77922 0.135463 0
567 2.23697 4.09268 0
568 -0.937494 -0.51782 0
569 -0.641866 0.880047 0
570 -2.94167 6.15729 0
571 0.88298 0.638317 0
572 1.05904 0.0268053 0
573 -0.508274 -10.0409 0
574 0.20872 0.45418 0
575 -0.455215 0.41019 0
576 0.0899273 0.163628 0
577 -0.0855454 0.231053 0
578 1.50919 -1.79591 0
579 1.66312 2.16178 0
580 2.64102 2.96326 0
581 -0.085731 -0.032168 0
582 -0.215451 0.521457 0
583 0.715036 -0.632387 0
584 0.349724 -0.0920089 0
585 0.112529 0.0988079 0
586 0.750538 0.62098 0
587 0.535638 0.0843412 0
588 0.230226 -0.0874151 0
589 1.03859 -0.0720286 0
590 0.962979 0.431845 0
591 0.594915 0.31153 0
592 0.597221 -0.0792779 0
593 -0.0657091 0.537214 0
594 -0.66932 2.94126 0
595 9.91143 -2.03273 0
596 -0.375055 -1.6008 0
597 1.17939 -0.137926 0
598 -0.175621 0.112224 0
599 0.57638 -0.174479 0
600 0.844244 -0.0462361 0
601 -0.0102821 -0.36745 0
602 0.55318 -0.522955 0
603 1.11296 0.0843174 0
604 4.05875 0.65142 0
605 1.09006 -2.38139 0
606 0.933978 -0.0517559 0
607 1.03473 -0.00792221 0
608 -0.149826 -0.820764 0
609 1.16926 -0.199984 0
610 -5.82811 3.28993 0
611 -0.00548314 -0.00624087 0
612 -9.54046 3.06624 0
613 0.269718 -0.647166 0
614 5.10316 4.71154 0
615 -0.153365 -0.144201 0
616 0.0114532 -0.0303862 0
617 0.910708 -0.546422 0
618 0.799372 -0.0880421 0
619 -0.0201701 0.0175723 0
620 6.41181 -2.55154 0
621 0.0928602 -0.0929193 0
622 1.03544 0.23457 0
623 -0.0474737 0.021185 0
624 1.01612 0.0185068 0
625 -0.530244 -0.302389 0
626 4.87093 -0.0279761 0
627 -0.352254 0.329965 0
628 0.943864 0.0721693 0
629 -1.26002 -1.08825 0
630 0.995089 0.0159546 0
631 0.4414 -0.0898826 0
632 1.01522 -0.00717717 0
633 0.747337 -0.100982 0
634 -2.61082 -1.43103 0
635 -0.209089 0.315103 0
636 -0.000796849 -0.165363 0
637 0.22851 0.122769 0
638 -0.151548 0.146318 0
639 -0.00867746 0.0722845 0
640 1.23187 0.755879 0
641 1.57686 1.04167 0
642 -0.0128787 -0.00988132 0
643 0.980961 0.179303 0
644 -0.672149 1.46315 0
645 -0.00547427 0.00632894 0
646 0.666963 -0.163102 0
647 -0.00985955 0.123852 0
648 0.697687 0.15817 0
649 5.39445 1.99522 0
650 0.277697 0.647577 0
651 0.21028 -0.359424 0
652 1.00784 -0.0146291 0
653 -5.33232 11.0681 0
654 -5.22641 -1.60478 0
655 -4.43743 0.485599 0
656 0.0281031 0.171784 0
657 -0.185287 1.06433 0
658 1.55074 -0.423448 0
659 -0.0447534 0.0385614 0
660 0.448208 -0.654783 0
661 -0.0388748 0.322508 0
662 -12.2066 -1.15895 0
663 3.42703 -4.53063 0
664 0.0597261 -0.110421 0
665 0.285288 0.0915511 0
666 0.508616 -0.12844 0
667 1.02888 0.0215562 0
668 9.93798 1.90351 0
669 -0.289176 0.0313827 0
670 1.13585 -0.0309877 0
671 -0.55633 -2.31968 0
672 1.05218 -0.0616527 0
673 -8.79889 4.9661 0
674 -0.0675143 -0.0121013 0
675 0.306517 -0.181068 0
676 0.128926 0.18204 0
677 8.41013 5.53117 0
678 -0.460574 -0.403943 0
679 1.03483 0.00741858 0
680 0.875532 -0.147309 0
681 0.817329 0.966958 0
682 -0.101325 0.0632975 0
683 1.04785 -0.164004 0
684 -2.44008 9.83107 0
685 0.106986 -0.173139 0
686 -1.2847 -0.121866 0
687 -0.180133 0.063738 0
688 0.504352 0.0864898 0
689 0.788731 -0.251376 0
690 0.914027 -0.129132 0
691 1.06808 0.0781733 0
692 -0.176975 -0.109785 0
693 2.31755 -0.00952221 0
694 0.992292 -0.0623248 0
695 -1.01453 0.904893 0
696 0.998374 0.0497257 0
697 0.479118 -0.411654 0
698 0.832018 -0.172451 0
699 1.07669 -0.0361557 0
700 -7.18601 -3.92791 0
701 -0.0492279 0.106421 0
702 -0.010655 -0.0413885 0
703 0.032004 -0.0435151 0
704 1.07866 0.256443 0
705 1.19888 0.359124 0
706 -0.0308325 -0.0230162 0
707 0.967082 0.0332019 0
708 -1.91853 4.03315 0
709 0.654949 0.3025 0
710 2.49843 0.680337 0
711 0.194298 1.92414 0
712 0.756439 -0.478894 0
713 -7.61986 6.63595 0
714 -1.89217 -0.584785 0
715 -1.60345 0.179134 0
716 -0.00586781 0.368593 0
717 2.63173 -1.2546 0
718 0.390862 -0.182437 0
719 -0.188165 0.908585 0
720 1.856 -1.59794 0
721 0.992519 -0.00791982 0
722 0.999058 0.0112717 0
723 1.00678 -0.0382663 0
724 -0.845913 0.0918022 0
725 1.0167 -0.182605 0
726 1.0494 -0.385438 0
727 1.4301 -0.0981083 0
728 -1.67326 -6.43817 0
729 -3.26347 1.85031 0
730 0.245264 0.288279 0
731 -0.237159 -0.0281286 0
732 3.53589 1.89287 0
733 1.13625 0.0290178 0
734 0.608719 0.170913 0
735 0.889152 -0.0646759 0
736 0.740583 0.283096 0
737 4.28213 -3.87799 0
738 -0.323347 0.188391 0
739 0.0816295 -0.56069 0
740 -0.448346 -0.0425297 0
741 -0.542972 0.180126 0
742 0.0547176 -0.196266 0
743 1.21439 0.246173 0
744 -0.0451215 -0.0378983 0
745 1.4404 -0.00318292 0
746 0.154899 0.111664 0
747 -2.79799 2.45314 0
748 3.71755 -9.31494 0
749 1.25557 -0.120496 0
750 0.0098056 0.0293592 0
751 -8.86521 -4.84664 0
752 -0.0025148 0.0314623 0
753 1.02425 0.0790584 0
754 1.06463 0.116705 0
755 -0.130859 -0.0776047 0
756 -4.07843 5.36611 0
757 0.627737 -0.0763452 0
758 -0.452445 1.03466 0
759 0.866507 0.0412478 0
760 1.50358 0.228642 0
761 -0.034022 5.41899 0
762 0.151455 -0.150565 0
763 -0.673343 -0.211928 0
764 0.00524835 0.0663815 0
765 -0.566999 0.0670521 0
766 0.0606491 0.11066 0
767 0.0439508 -0.0497237 0
768 5.77869 -3.67422 0
769 0.251084 -0.169307 0
770 -0.585832 2.46972 0
771 1.29824 -0.556747 0
772 0.49298 0.242909 0
773 -2.38063 0.258357 0
774 0.972675 -0.0330608 0
775 1.28364 -1.17588 0
776 2.28673 -0.293508 0
777 -1.19764 0.687498 0
778 -0.701136 -0.0719632 0
779 1.86116 0.642802 0
780 1.43139 0.0918717 0
781 1.13057 -0.712537 0
782 2.1576 -1.36775 0
783 -0.930474 0.530464 0
784 1.00126 -0.00431067 0
785 -0.144912 -0.0137463 0
786 -1.53558 0.498525 0
787 1.62617 0.71901 0
788 1.1391 -0.00100533 0
789 0.138237 0.416166 0
790 1.96171 -3.29644 0
791 1.77635 -0.366032 0
792 0.982234 0.0268704 0
793 0.89315 0.0977236 0
794 -3.28808 -1.80597 0
795 -0.0268511 0.047478 0
796 0.201936 -0.119637 0
797 1.00493 0.0160568 0
798 1.01694 0.0305897 0
799 -0.404364 -0.226868 0
800 -1.47812 1.97169 0
801 0.380765 0.314777 0
802 -1.30958 2.79858 0
803 1.16181 0.073467 0
804 4.76836 6.80471 0
805 -0.227733 -0.0756086 0
806 -0.188134 0.0260817 0
807 0.102917 0.28427 0
808 -1.64497 6.62763 0
809 1.10005 -0.186763 0
810 0.621596 -0.307981 0
811 -6.61159 0.717518 0
812 4.78036 -0.862314 0
813 1.06771 -0.0520643 0
814 -0.426173 0.253255 0
815 0.044154 0.0497762 0
816 -1.97017 -0.191856 0
817 1.28594 0.213434 0
818 2.29057 0.274851 0
819 -0.023292 0.00252772 0
820 0.980535 -0.208242 0
821 1.00433 -0.000988082 0
822 1.40332 -0.476546 0
823 -2.59129 1.46621 0
824 -0.0348241 -0.00330339 0
825 -4.24964 1.36911 0
826 2.78583 2.05062 0
827 -0.0195644 -0.092302 0
828 3.29217 -1.0807 0
829 0.0815344 -0.269535 0
830 0.986102 0.0750941 0
831 -8.11486 -0.769767 0
832 1.00737 -1.22204 0
833 0.658204 0.0731365 0
834 -0.339279 -0.472278 0
835 -1.20669 -0.67119 0
836 0.744071 0.0627287 0
837 10.1249 -0.0659477 0
838 -0.517899 0.718222 0
839 -0.229178 -0.319116 0
840 -3.5921 7.49583 0
841 1.0444 0.0201579 0
842 2.3326 2.40635 0
843 -0.0648017 -0.0257654 0
844 0.0296092 0.0426279 0
845 0.113951 0.0713714 0
846 11.3543 4.70119 0
847 0.304257 0.241029 0
848 1.02967 -0.0553931 0
849 0.585672 0.236065 0
850 -11.7236 -3.59238 0
851 -9.96207 1.08303 0
852 12.0393 -2.51811 0
853 1.22567 -0.173515 0
854 -0.13828 0.0912059 0
855 -5.44172 -0.519834 0
856 6.5657 -10.3897 0
857 1.0883 0.0659117 0
858 4.79162 0.807498 0
859 -0.113035 0.012267 0
860 1.04734 -0.0107973 0
861 1.1353 -0.159859 0
862 -7.13226 4.02473 0
863 -11.674 3.75061 0
864 6.05001 5.79877 0
865 0.900661 -0.432432 0
866 0.7962 -0.0539046 0
867 1.11655 -0.399502 0
868 7.70517 -3.16132 0
869 0.0945213 -0.0670152 0
870 -2.92615 -0.277571 0
871 -0.0645237 0.0266541 0
872 -0.995289 -1.30505 0
873 -2.45069 -4.9452 0
874 4.12273 -0.0225686 0
875 0.941381 0.0465318 0
876 0.992608 0.0078869 0
877 0.446276 -0.131485 0
878 0.743649 -0.0627935 0
879 -0.163306 0.255338 0
880 0.736987 2.90944 0
881 0.23062 0.087435 0
882 1.46725 0.84373 0
883 0.976996 0.137561 0
884 0.628192 0.076277 0
885 0.661899 -0.113664 0
886 -0.0255724 0.156188 0
887 4.54582 1.60992 0
888 0.266987 0.811508 0
889 -4.26771 -1.3115 0
890 -3.62312 0.39754 0
891 1.68553 -0.527088 0
892 -0.0307989 0.0307066 0
893 0.431764 -0.519338 0
894 2.97114 -3.67962 0
895 0.0671503 -0.0831639 0
896 0.503886 -0.0865612 0
897 12.0722 2.35804 0
898 0.997189 -0.00542097 0
899 -0.360466 0.0391193 0
900 0.975384 -0.135674 0
901 1.17252 -0.0393516 0
902 1.04013 -0.0474136 0
903 -0.0893057 -0.0141601 0
904 0.310382 -0.132118 0
905 6.98162 4.46488 0
906 1.04748 0.0101109 0
907 0.871787 -0.104812 0
908 8.52664 -8.89308 0
909 -1.04381 -0.0990146 0
910 -0.226767 0.0786967 0
911 0.782712 -0.187819 0
912 0.910747 -0.0907196 0
913 1.08661 0.099453 0
914 -2.77166 -3.56006 0
915 -0.881661 -1.81318 0
916 2.06045 -0.00766411 0
917 0.851855 0.116422 0
918 1.00431 0.0689914 0
919 1.09898 -0.0466687 0
920 -0.0027199 -0.0313036 0
921 1.06288 0.20499 0
922 1.15998 0.288875 0
923 0.965607 0.0176731 0
924 -4.17465 -5.33353 0
925 2.20689 0.547966 0
926 -1.5421 -0.477694 0
927 -1.30579 0.146945 0
928 0.0131484 0.294854 0
929 3.02402 -1.55622 0
930 1.69426 -1.296 0
931 0.994891 -0.0160284 0
932 0.546768 0.660159 0
933 -1.04239 0.113124 0
934 1.5369 -0.122468 0
935 0.249279 0.223029 0
936 -0.296757 -0.0337592 0
937 3.04483 1.52633 0
938 1.17303 0.0368501 0
939 -1.65206 -3.38706 0
940 0.416391 0.132126 0
941 3.66562 -3.14956 0
942 -0.360958 -0.0342401 0
943 -0.670502 0.221033 0
944 0.0404841 -0.248277 0
945 1.26652 0.306037 0
946 -7.58166 -9.66609 0
947 -0.302365 -0.656816 0
948 1.35211 -0.00254478 0
949 0.152767 0.150632 0
950 1.32053 -0.151121 0
951 1.00942 0.114946 0
952 0.204769 0.0854038 0
953 0.00388158 0.0231027 0
954 0.993107 -0.0341801 0
955 1.01865 0.0607993 0
956 1.0508 0.0917335 0
957 -3.33413 4.39451 0
958 0.350172 0.0919401 0
959 -1.52911 -1.97124 0
960 0.472588 -0.0883954 0
961 0.821217 0.0500354 0
962 1.40342 0.183164 0
963 0.0463424 1.0262 0
964 0.154116 -0.111623 0
965 -0.545279 -0.172751 0
966 -0.458188 0.0552852 0
967 0.067703 0.0833069 0
968 6.92074 -4.55232 0
969 0.247056 -0.222919 0
970 0.363551 0.399896 0
971 1.24072 -0.449368 0
972 0.502246 -1.54303 0
973 1.01786 -0.0945772 0
974 0.484985 0.180893 0
975 -2.92213 0.317123 0
976 0.968113 -0.0175631 0
977 2.59756 -0.364409 0
978 1.02021 -0.0155396 0
979 -0.864221 -0.0873708 0
980 1.69257 0.516958 0
981 -4.25505 -3.61213 0
982 1.53849 0.114683 0
983 -4.50572 -9.06301 0
984 1.08707 -0.566321 0
985 1.93886 -1.10931 0
986 -0.113191 -0.0107372 0
987 -1.88417 0.610341 0
988 1.77307 0.887688 0
989 -0.00820988 -0.0214737 0
990 -0.0883781 -0.229665 0
991 1.10874 -0.000785876 0
992 1.96534 -0.455135 0
993 0.97826 0.0139912 0
994 -0.128275 -0.20442 0
995 -0.041264 0.05999 0
996 -6.30051 -5.34578 0
997 0.204388 -0.0853846 0
998 0.800106 0.328026 0
999 -1.20317 1.61277 0
1000 -0.546746 -0.722722 0
1001 1.12742 0.0578519 0
1002 0.0809525 0.341245 0
1003 4.0618 5.52885 0
1004 -0.180901 -0.061282 0
1005 -0.148369 0.0217816 0
1006 0.320633 0.0917901 0
1007 1.07964 -0.148674 0
1008 -8.10366 0.879444 0
1009 5.68511 -1.06869 0
1010 1.0874 -0.0672031 0
1011 -2.4161 -0.233986 0
1012 1.22799 0.170181 0
1013 2.60232 0.341245 0
1014 1.32554 -0.384636 0
1015 -5.20427 1.67533 0
1016 3.19914 2.5252 0
1017 -0.0716906 -0.075146 0
1018 -0.00936698 -0.0719465 0
1019 -0.0469219 -0.194442 0
1020 3.84263 -1.34023 0
1021 -6.62072 -0.628034 0
1022 -0.42401 -0.57984 0
1023 -5.48143 -10.995 0
1024 8.36584 -0.0532345 0
1025 -2.31473 -1.97913 0
1026 0.770775 0.0575953 0
1027 -0.416404 0.58573 0
1028 -0.181957 -0.259101 0
1029 -0.042824 -0.321485 0
1030 2.08157 1.95304 0
1031 0.998879 0.367908 0
1032 9.35853 3.79504 0
1033 0.299468 0.314336 0
1034 1.02242 -0.0418497 0
1035 -9.5811 -2.93695 0
1036 1.28303 -0.217616 0
1037 0.566326 -0.081977 0
1038 5.52354 -8.44428 0
1039 1.06841 0.0510637 0
1040 0.956123 -0.0207822 0
1041 5.69907 1.00076 0
1042 0.942523 -0.0247841 0
1043 1.06294 -0.0143579 0
1044 1.1077 -0.127257 0
1045 0.288942 -0.403678 0
1046 7.21422 7.13561 0
1047 -0.241756 -0.218935 0
1048 -0.230711 -0.559998 0
1049 9.30645 -3.91629 0
1050 0.113646 -0.0713558 0
1051 -0.0853644 0.0333391 0
1052 0.929022 -0.304698 0
1053 1.0308 0.0353646 0
1054 -1.22462 -1.59617 0
1055 -2.00107 -4.04768 0
1056 3.51803 -0.0181983 0
1057 0.939355 0.0256033 0
1058 -0.834883 -0.729151 0
1059 0.986382 0.0107852 0
1060 0.452224 -0.182222 0
1061 -0.125779 0.206351 0
1062 -0.0465059 -0.0869525 0
1063 0.0162291 -0.102116 0
1064 -0.0926259 0.0951166 0
1065 1.37818 0.682891 0
1066 0.973739 0.103279 0
1067 0.657755 -0.0732054 0
1068 0.687598 0.0698183 0
1069 3.86046 1.29874 0
1070 0.73015 -0.211885 0
1071 -3.48454 -1.07192 0
1072 1.85241 -0.655396 0
1073 2.60082 -2.98833 0
1074 0.0732396 -0.0608073 0
1075 0.953367 0.0214956 0
1076 1.21795 -0.0497151 0
1077 1.03032 -0.0358212 0
1078 0.313537 -0.0921498 0
1079 5.82782 3.60364 0
1080 -0.697426 -0.604199 0
1081 1.06313 0.0134452 0
1082 -0.720083 -1.53336 0
1083 7.11729 -7.22786 0
1084 -0.283766 0.0969802 0
1085 1.10941 0.125635 0
1086 -3.39305 -4.34888 0
1087 1.85284 -0.00616368 0
1088 -1.52673 1.34954 0
1089 -0.285356 -0.264984 0
1090 1.01158 0.0926179 0
1091 1.12663 -0.0597014 0
1092 0.0037891 -0.0230311 0
1093 -0.0162098 0.0287144 0
1094 1.05006 0.163185 0
1095 1.1283 0.231681 0
1096 -7.45029 9.76773 0
1097 1.97138 0.441039 0
1098 -5.12786 4.47052 0
1099 0.139314 -0.328256 0
1100 -1.25582 -0.390117 0
1101 3.51008 -1.92994 0
1102 0.379847 -0.0917134 0
1103 1.56273 -1.05048 0
1104 1.66913 -0.152631 0
1105 2.6485 1.2305 0
1106 -1.91794 -1.63613 0
1107 1.2186 0.0465548 0
1108 0.410905 0.0909269 0
1109 3.16483 -2.55785 0
1110 -0.826472 0.271064 0
1111 1.3307 0.379729 0
1112 -0.0195291 -0.0239452 0
1113 1.28075 -0.00202907 0
1114 0.00470271 -0.0661133 0
1115 -4.17797 3.65112 0
1116 1.40091 -0.189017 0
1117 0.800212 0.0879133 0
1118 0.989338 -0.0213127 0
1119 1.03955 0.0714245 0
1120 -2.72347 3.59737 0
1121 0.355691 0.132144 0
1122 1.32253 0.146441 0
1123 -1.89577 1.66197 0
1124 0.156288 -0.0798374 0
1125 -0.440628 -0.140736 0
1126 0.0734887 0.0608718 0
1127 8.33469 -5.63948 0
1128 1.19401 -0.362161 0
1129 0.478429 0.130036 0
1130 2.9825 -0.452215 0
1131 1.02859 -0.0219789 0
1132 0.0268017 0.117648 0
1133 1.55639 0.415309 0
1134 -5.18772 -4.4007 0
1135 1.67112 0.142928 0
1136 1.761 -0.899156 0
1137 -2.31065 0.747142 0
1138 1.95375 1.09516 0
1139 1.08424 -0.000608838 0
1140 2.19938 -0.565478 0
1141 0.887096 0.0374482 0
1142 0.759746 0.204828 0
1143 -0.0588288 0.0752382 0
1144 0.380302 0.0916455 0
1145 -0.977801 1.31858 0
1146 0.857435 0.395001 0
1147 1.0996 0.0452234 0
1148 -0.689335 0.613631 0
1149 -0.145223 0.354316 0
1150 3.48796 4.49264 0
1151 -0.142657 -0.0495824 0
1152 0.173154 0.205819 0
1153 0.547185 0.176993 0
1154 1.06305 -0.117692 0
1155 6.80596 -1.32436 0
1156 1.11181 -0.0859703 0
1157 0.0281271 0.0594755 0
1158 1.18123 0.135275 0
1159 2.9884 0.423468 0
1160 -0.0488464 0.005301 0
1161 0.952506 -0.114031 0
1162 1.26236 -0.309991 0
1163 -6.3704 2.04938 0
1164 3.70786 3.10935 0
1165 -0.0937548 -0.0938011 0
1166 1.01672 -0.000120878 0
1167 4.52372 -1.66135 0
1168 1.00641 0.00736548 0
1169 -0.802607 -0.450882 0
1170 6.94503 -0.042966 0
1171 -0.22428 0.218869 0
1172 -1.73671 -0.953988 0
1173 -0.333137 0.477034 0
1174 1.8775 1.58454 0
1175 7.7472 3.06344 0
1176 0.687157 -0.069886 0
1177 1.01653 -0.0308484 0
1178 -7.82907 -2.40097 0
1179 1.354 -0.272185 0
1180 4.67606 -6.86226 0
1181 0.279754 0.178846 0
1182 1.05234 0.039068 0
1183 6.82326 1.24017 0
1184 1.08227 -0.0187664 0
1185 1.08526 -0.100738 0
1186 8.64597 8.77964 0
1187 11.2899 -4.85143 0
1188 -0.110848 0.0415134 0
1189 1.04076 0.0468092 0
1190 3.02998 -0.0146711 0
1191 1.04412 -0.0208023 0
1192 -4.79712 -2.62418 0
1193 -0.0950399 0.166224 0
1194 0.0225432 -0.0786602 0
1195 1.30573 0.552078 0
1196 3.30654 1.04724 0
1197 0.923548 0.0291627 0
1198 -2.84448 -0.876113 0
1199 2.05907 -0.814291 0
1200 0.407283 -0.317691 0
1201 2.29996 -2.4267 0
1202 0.179709 -0.082858 0
1203 0.955107 0.0396533 0
1204 1.00103 -0.0185646 0
1205 1.27419 -0.062543 0
1206 0.134609 0.0752781 0
1207 4.89583 2.90798 0
1208 1.08252 0.0175735 0
1209 0.59768 0.079207 0
1210 0.866189 -0.0412967 0
1211 0.44122 0.318592 0
1212 5.97123 -5.87373 0
1213 -0.353524 0.119357 0
1214 0.90588 -0.0337355 0
1215 1.13744 0.157821 0
1216 1.68515 -0.00495173 0
1217 0.844593 0.0461825 0
1218 0.978117 -0.014044 0
1219 0.820852 -0.0500915 0
1220 1.1608 -0.0758154 0
1221 -0.00806771 0.0216393 0
1222 1.03963 0.129178 0
1223 1.10256 0.185197 0
1224 -0.0786064 -0.0490885 0
1225 -6.09607 7.99993 0
1226 1.78121 0.354695 0
1227 -1.02145 -0.318418 0
1228 0.019579 0.0368322 0
1229 4.11148 -2.39235 0
1230 0.257121 -0.0889748 0
1231 1.4558 -0.850866 0
1232 1.00729 0.0380782 0
1233 1.8329 -0.189987 0
1234 -1.79203 1.02207 0
1235 2.32841 0.991571 0
1236 1.275 0.0585672 0
1237 0.0576424 -0.0557599 0
1238 2.75797 -2.07713 0
1239 -1.01713 0.332222 0
1240 1.40972 0.470471 0
1241 1.22317 -0.0016129 0
1242 0.0127998 -0.0499773 0
1243 1.50045 -0.235948 0
1244 0.902176 0.187588 0
1245 0.796578 0.0538465 0
1246 0.195302 -0.212312 0
1247 0.986267 -0.0108275 0
1248 1.03042 0.0549285 0
1249 -2.22359 2.94482 0
1250 1.25717 0.116764 0
1251 6.70545 10.3026 0
1252 -0.355026 -0.114549 0
1253 10.0861 -6.98608 0
1254 1.15606 -0.291318 0
1255 0.473052 0.0883223 0
1256 3.45912 -0.560934 0
1257 1.03896 -0.0299554 0
1258 -0.648188 0.378223 0
1259 1.44644 0.33324 0
1260 1.83538 0.17791 0
1261 1.61639 -0.728297 0
1262 -2.83245 0.91452 0
1263 2.17595 1.3503 0
1264 -0.0264761 -0.0369176 0
1265 1.06445 -0.000465808 0
1266 2.48911 -0.702077 0
1267 0.908694 0.0592338 0
1268 0.134288 -0.0752619 0
1269 0.435511 -2.70723 0
1270 1.03404 0.318775 0
1271 1.00452 -0.122768 0
1272 0.955123 -0.0415404 0
1273 0.555124 -0.124556 0
1274 0.119614 -0.13697 0
1275 -0.0174134 0.196663 0
1276 1.3779 -3.43767 0
1277 1.38283 -0.997286 0
1278 -0.140277 0.778625 0
1279 -0.0281047 0.00919224 0
1280 0.854493 0.287374 0
1281 0.985171 -0.459989 0
1282 0.00255248 -0.0859956 0
1283 0.326507 -2.13589 0
1284 0.0187066 -0.133106 0
1285 1.00175 0.00636258 0
1286 0.920185 0.0841005 0
1287 0.511675 4.02715 0
1288 -0.0952368 -0.401876 0
1289 0.361106 0.956917 0
1290 1.01784 -0.0760813 0
1291 0.32714 -0.490625 0
1292 0.70533 -0.107217 0
1293 -0.00335193 -0.628127 0
1294 -0.0115148 -0.830218 0
1295 0.710139 -0.155311 0
1296 -0.125791 1.94531 0
1297 -0.0599635 -0.161261 0
1298 -0.017884 -0.00391679 0
1299 0.190518 0.117037 0
1300 1.74196 -4.71674 0
1301 0.96196 -0.0646006 0
1302 -0.0474648 -0.023792 0
1303 -0.00957002 0.0555641 0
1304 -0.345364 3.30976 0
1305 1.02037 0.011876 0
1306 0.706355 0.10706 0
1307 0.356621 -0.729518 0
1308 0.188228 0.157973 0
1309 -0.270252 -0.157446 0
1310 0.26309 -1.28524 0
1311 1.00361 0.27363 0
1312 0.48175 -0.154064 0
1313 0.514277 0.152155 0
1314 0.376614 1.30955 0
1315 1.13322 0.993851 0
1316 0.982322 0.042247 0
1317 0.227459 -0.142788 0
1318 0.816675 0.125644 0
1319 1.04605 0.42901 0
1320 0.838936 -0.11671 0
1321 -0.121571 -1.48193 0
1322 1.02334 -0.14253 0
1323 0.0892117 0.0907448 0
1324 1.68622 3.8343 0
1325 1.25949 -1.64901 0
1326 0.992742 -0.0468014 0
1327 0.448878 0.155223 0
1328 0.354166 -0.58055 0
1329 -0.22257 -2.20679 0
1330 0.0776759 -0.15781 0
1331 0.0561501 0.43699 0
1332 -0.0311775 -0.0751086 0
1333 0.121946 -0.101801 0
1334 0.0403794 0.0934333 0
1335 0.576372 0.147275 0
1336 -0.0577945 -0.107484 0
1337 0.96526 0.0736509 0
1338 -0.147478 -0.5048 0
1339 0.923684 0.11974 0
1340 0.15177 -0.402892 0
1341 0.692222 5.99711 0
1342 0.608064 7.33274 0
1343 -0.0328283 -0.0131598 0
1344 -0.0249708 0.0661372 0
1345 0.465913 -4.87709 0
1346 0.348689 -0.181753 0
1347 0.63733 0.140598 0
1348 -0.0381932 0.129636 0
1349 0.400487 -0.131891 0
1350 -0.309728 -2.73029 0
1351 0.357783 -4.01526 0
1352 0.836239 0.0785079 0
1353 -0.251526 -0.466633 0
1354 0.0396095 -0.093238 0
1355 0.653722 0.719501 0
1356 0.281644 -0.150141 0
1357 0.268872 0.127347 0
1358 0.622814 -0.19804 0
1359 -0.00359704 -0.0527514 0
1360 0.546274 0.275243 0
1361 0.739543 0.146513 0
1362 -0.0226744 0.87383 0
1363 0.632928 -0.140997 0
1364 -0.0172412 0.00784515 0
1365 0.912427 -0.0579676 0
1366 1.01379 0.145139 0
1367 1.28555 -2.79352 0
1368 -0.26821 0.161123 0
1369 1.04355 -0.999788 0
1370 -0.0902019 0.403726 0
1371 -0.0334613 -0.0470881 0
1372 0.703225 0.436215 0
1373 0.882272 -0.357802 0
1374 0.056452 0.190638 0
1375 0.527701 3.32632 0
1376 0.678151 4.88544 0
1377 -0.046647 -0.251599 0
1378 -0.272205 2.75744 0
1379 -0.0748733 1.45668 0
1380 0.00789329 0.146267 0
1381 0.0847016 0.121058 0
1382 0.948122 -0.154968 0
1383 -0.729247 2.12919 0
1384 0.3662 -1.06926 0
1385 0.779506 1.40506 0
1386 -0.0387135 0.0840069 0
1387 -0.0794286 0.06945 0
1388 0.365041 2.62008 0
1389 0.816518 -0.587803 0
1390 0.986123 -0.342998 0
1391 0.526914 -5.95279 0
1392 1.09025 -0.845609 0
1393 0.98402 0.0569995 0
1394 -0.0348195 -0.115236 0
1395 -0.0377521 0.00738233 0
1396 1.09266 0.506188 0
1397 0.420923 -1.81738 0
1398 0.440697 0.196303 0
1 1247 1118 931 0
2 97 1247 721 0
3 1218 1118 1247 0
4 976 1218 96 0
5 976 774 1218 0
6 474 898 931 0
7 474 784 898 0
8 580 145 220 0
9 1030 548 826 0
10 579 1030 842 0
11 579 246 1030 0
12 826 732 1016 0
13 842 826 1016 0
14 144 842 580 0
15 144 579 842 0
16 548 937 826 0
17 1164 209 145 0
18 580 1164 145 0
19 1016 395 1164 0
20 1069 858 887 0
21 1056 874 192 0
22 1159 1056 192 0
23 1190 977 1130 0
24 1041 1183 649 0
25 887 1041 649 0
26 1183 1024 305 0
27 234 1170 1041 0
28 234 1009 1170 0
29 649 275 1207 0
30 1009 1155 1170 0
31 1032 668 897 0
32 677 1032 846 0
33 677 905 1032 0
34 1186 103 104 0
35 1251 497 327 0
36 1175 905 1079 0
37 5 4 1059 0
38 1287 193 247 0
39 440 1287 132 0
40 440 1375 1287 0
41 932 1355 326 0
42 493 586 468 0
43 571 156 586 0
44 163 571 131 0
45 235 156 571 0
46 1385 254 345 0
47 324 1385 210 0
48 324 525 1385 0
49 387 324 210 0
50 1314 1289 387 0
51 326 156 387 0
52 271 1315 525 0
53 147 527 235 0
54 1315 284 525 0
55 527 681 235 0
56 1296 214 312 0
57 345 711 255 0
58 250 219 711 0
59 254 250 345 0
60 219 214 711 0
61 350 219 170 0
62 246 579 170 0
63 154 880 350 0
64 1388 200 1378 0
65 350 880 219 0
66 154 193 880 0
67 210 1314 387 0
68 650 208 139 0
69 276 650 139 0
70 451 326 888 0
71 650 888 208 0
72 681 387 156 0
73 235 681 156 0
74 271 324 681 0
75 1289 272 888 0
76 345 255 1314 0
77 963 290 657 0
78 1314 511 310 0
79 1289 1314 310 0
80 210 345 1314 0
81 1379 290 511 0
82 255 1379 511 0
83 255 475 1379 0
84 758 267 569 0
85 719 758 435 0
86 657 290 758 0
87 963 511 290 0
88 1296 711 214 0
89 475 1296 312 0
90 475 255 1296 0
91 173 593 513 0
92 614 1150 209 0
93 321 761 1341 0
94 567 220 145 0
95 247 567 477 0
96 247 1324 567 0
97 154 220 1324 0
98 144 580 220 0
99 327 497 297 0
100 281 107 108 0
101 370 251 281 0
102 259 327 190 0
103 497 105 106 0
104 190 327 297 0
105 1186 1046 317 0
106 105 1251 104 0
107 517 1046 1186 0
108 259 517 327 0
109 1003 516 477 0
110 864 1003 614 0
111 804 516 1003 0
112 106 107 251 0
113 259 190 136 0
114 804 864 1046 0
115 497 106 251 0
116 297 497 251 0
117 327 517 1251 0
118 287 477 516 0
119 170 579 350 0
120 254 552 170 0
121 250 254 170 0
122 324 387 681 0
123 1138 465 1235 0
124 1105 1263 1235 0
125 264 641 1138 0
126 1251 1186 104 0
127 497 1251 105 0
128 517 1186 1251 0
129 247 1376 1287 0
130 1241 482 901 0
131 803 938 1107 0
132 803 1001 938 0
133 1147 398 733 0
134 857 1147 1001 0
135 857 1039 1147 0
136 991 307 788 0
137 398 991 788 0
138 1139 1208 1081 0
139 1184 1043 349 0
140 398 1208 991 0
141 1265 1043 1139 0
142 1081 1265 1139 0
143 1081 906 1265 0
144 572 1081 1208 0
145 572 841 1081 0
146 1220 178 423 0
147 1076 1220 423 0
148 901 1091 1220 0
149 788 670 482 0
150 733 788 482 0
151 733 398 788 0
152 1185 308 162 0
153 1044 1185 1154 0
154 1156 1010 1185 0
155 1185 1010 308 0
156 1220 1156 178 0
157 1091 1010 1156 0
158 919 813 1010 0
159 307 919 670 0
160 307 699 919 0
161 1265 906 549 0
162 1039 1182 135 0
163 906 679 549 0
164 303 841 572 0
165 303 667 841 0
166 1205 423 749 0
167 1205 1076 423 0
168 467 1236 948 0
169 1241 1076 1113 0
170 1107 1241 1113 0
171 1107 938 1241 0
172 1236 1107 1113 0
173 948 1236 1113 0
174 467 1122 1250 0
175 509 803 1107 0
176 1241 901 1076 0
177 901 1220 1076 0
178 670 901 482 0
179 670 1091 901 0
180 597 609 853 0
181 178 597 423 0
182 861 1007 809 0
183 222 771 971 0
184 984 222 166 0
185 726 1281 166 0
186 617 216 984 0
187 171 452 222 0
188 384 720 578 0
189 1190 1013 339 0
190 368 1159 192 0
191 368 710 1159 0
192 1277 1231 171 0
193 791 487 658 0
194 544 771 452 0
195 668 1032 1175 0
196 1046 677 317 0
197 103 1186 317 0
198 517 804 1046 0
199 1175 275 305 0
200 668 1175 305 0
201 1032 905 1175 0
202 864 905 677 0
203 864 614 905 0
204 1079 614 209 0
205 1175 1079 275 0
206 905 614 1079 0
207 1046 864 677 0
208 804 1003 864 0
209 259 804 517 0
210 259 516 804 0
211 1207 395 649 0
212 209 1207 1079 0
213 209 1164 1207 0
214 440 132 174 0
215 1304 440 174 0
216 594 1304 174 0
217 594 1378 1304 0
218 200 1375 440 0
219 144 220 154 0
220 1376 287 1341 0
221 1324 247 193 0
222 154 1324 193 0
223 220 567 1324 0
224 567 145 1150 0
225 102 103 317 0
226 705 359 167 0
227 1095 412 743 0
228 704 1095 922 0
229 704 921 1095 0
230 945 537 1111 0
231 922 945 705 0
232 743 817 945 0
233 922 743 945 0
234 358 922 705 0
235 358 704 922 0
236 1250 1012 1158 0
237 467 1250 1236 0
238 1122 1012 1250 0
239 743 1012 817 0
240 412 1215 1158 0
241 962 1122 780 0
242 945 817 537 0
243 743 412 1012 0
244 803 509 188 0
245 603 803 188 0
246 733 482 938 0
247 938 482 1241 0
248 1001 733 938 0
249 603 1001 803 0
250 603 857 1001 0
251 1205 749 390 0
252 948 1205 390 0
253 1113 1076 1205 0
254 1216 416 934 0
255 760 982 1135 0
256 760 962 982 0
257 1259 1111 537 0
258 760 1259 537 0
259 1133 1240 1259 0
260 1226 1133 438 0
261 1240 1111 1259 0
262 479 1240 1133 0
263 479 1195 1240 0
264 1122 817 1012 0
265 780 1122 467 0
266 962 817 1122 0
267 1158 509 1250 0
268 412 1158 1012 0
269 188 509 1158 0
270 390 727 745 0
271 788 307 670 0
272 1087 1233 916 0
273 460 1233 791 0
274 727 934 416 0
275 727 1116 934 0
276 771 222 452 0
277 822 771 544 0
278 658 822 544 0
279 1162 198 1254 0
280 1014 1162 1128 0
281 1014 294 1179 0
282 822 1014 971 0
283 1179 1116 1036 0
284 1162 1179 1036 0
285 294 1243 1179 0
286 1254 198 524 0
287 237 1254 524 0
288 1128 1162 1254 0
289 971 1128 867 0
290 971 1014 1128 0
291 561 852 100 0
292 1183 305 275 0
293 1170 1183 1041 0
294 1170 1024 1183 0
295 837 1024 176 0
296 837 305 1024 0
297 100 897 561 0
298 101 102 846 0
299 941 737 449 0
300 373 894 790 0
301 663 737 894 0
302 1155 223 620 0
303 176 1155 620 0
304 234 812 1009 0
305 1300 151 218 0
306 515 1300 218 0
307 515 373 1300 0
308 663 373 515 0
309 405 663 300 0
310 1167 1229 223 0
311 1238 384 1201 0
312 894 737 941 0
313 405 737 663 0
314 405 768 737 0
315 1276 365 379 0
316 1367 403 605 0
317 1276 1367 365 0
318 1276 790 1367 0
319 663 894 373 0
320 894 941 1073 0
321 605 180 365 0
322 143 605 403 0
323 143 195 605 0
324 325 175 383 0
325 748 856 1038 0
326 968 768 405 0
327 1049 852 595 0
328 1212 1127 968 0
329 1187 852 1049 0
330 595 176 868 0
331 620 223 449 0
332 1238 929 472 0
333 384 1238 472 0
334 1109 1101 1238 0
335 449 1229 941 0
336 1020 929 1101 0
337 1167 1020 1101 0
338 1009 1167 223 0
339 812 1020 1167 0
340 812 529 1020 0
341 1073 790 894 0
342 1109 1073 941 0
343 1229 1109 941 0
344 1101 929 1238 0
345 1201 403 790 0
346 1109 1201 1073 0
347 384 143 1201 0
348 1155 176 1024 0
349 1170 1155 1024 0
350 1009 223 1155 0
351 737 768 449 0
352 768 868 620 0
353 449 768 620 0
354 1180 300 175 0
355 1083 1180 1038 0
356 1083 1212 1180 0
357 97 721 98 0
358 589 162 308 0
359 672 589 308 0
360 813 672 308 0
361 1010 813 308 0
362 699 531 813 0
363 848 406 589 0
364 531 902 672 0
365 1034 1177 723 0
366 453 1034 723 0
367 902 531 1257 0
368 672 902 848 0
369 978 1177 1131 0
370 1290 342 973 0
371 589 1290 973 0
372 406 694 1290 0
373 1034 453 406 0
374 1118 774 954 0
375 388 1118 954 0
376 931 721 1247 0
377 1204 931 1118 0
378 279 1204 388 0
379 652 474 1204 0
380 1218 97 96 0
381 694 342 1290 0
382 723 1326 453 0
383 458 1301 694 0
384 973 457 162 0
385 406 1290 589 0
386 342 191 1271 0
387 1322 725 683 0
388 1154 1322 683 0
389 1271 900 1322 0
390 973 1271 457 0
391 900 725 1322 0
392 196 1161 191 0
393 690 334 1382 0
394 723 1177 388 0
395 954 723 388 0
396 1204 1118 388 0
397 774 458 1326 0
398 1034 406 848 0
399 632 213 462 0
400 515 218 175 0
401 2 852 1187 0
402 908 856 127 0
403 1187 1049 1127 0
404 1253 1187 1127 0
405 1083 1253 1127 0
406 128 129 1253 0
407 129 2 1187 0
408 1180 1212 300 0
409 1253 129 1187 0
410 868 768 968 0
411 983 314 233 0
412 122 461 1023 0
413 461 137 367 0
414 1023 946 121 0
415 122 1023 121 0
416 983 946 1023 0
417 314 983 367 0
418 363 946 983 0
419 122 123 461 0
420 175 218 383 0
421 1201 143 403 0
422 790 1073 1201 0
423 929 1020 828 0
424 930 1103 283 0
425 720 930 283 0
426 782 380 985 0
427 720 283 578 0
428 472 720 384 0
429 1072 1199 1140 0
430 1261 544 452 0
431 1136 1261 1231 0
432 1136 1072 1261 0
433 930 782 985 0
434 472 782 720 0
435 472 717 782 0
436 828 553 717 0
437 234 626 812 0
438 1190 1056 1159 0
439 977 1190 339 0
440 1130 1056 1190 0
441 1266 1130 977 0
442 553 828 1256 0
443 658 487 294 0
444 822 658 294 0
445 1233 460 916 0
446 1104 1233 1087 0
447 1104 487 1233 0
448 544 891 658 0
449 1266 380 553 0
450 1130 1266 553 0
451 1140 1199 1266 0
452 992 1140 776 0
453 992 1072 1140 0
454 460 992 776 0
455 1199 985 380 0
456 1266 1199 380 0
457 1072 1136 1199 0
458 891 1072 992 0
459 891 544 1261 0
460 658 891 791 0
461 1231 452 171 0
462 459 1277 171 0
463 1103 1136 1231 0
464 985 1103 930 0
465 1261 1072 891 0
466 985 1136 1103 0
467 985 1199 1136 0
468 775 283 1103 0
469 891 992 791 0
470 1266 977 1140 0
471 1013 1159 710 0
472 925 1013 710 0
473 1013 1190 1159 0
474 1277 775 1103 0
475 1231 1277 1103 0
476 459 775 1277 0
477 781 1392 171 0
478 832 556 775 0
479 459 1369 775 0
480 229 456 832 0
481 578 143 384 0
482 556 1325 283 0
483 195 143 578 0
484 832 456 556 0
485 1392 244 1369 0
486 459 1392 1369 0
487 781 216 1392 0
488 150 296 421 0
489 253 605 195 0
490 1350 274 439 0
491 1329 1350 439 0
492 206 274 1350 0
493 365 1367 605 0
494 1283 1269 180 0
495 1276 151 373 0
496 403 1367 790 0
497 379 151 1276 0
498 652 279 978 0
499 474 652 462 0
500 474 931 1204 0
501 1218 774 1118 0
502 95 976 96 0
503 95 94 1040 0
504 453 694 406 0
505 954 1326 723 0
506 1326 458 694 0
507 453 1326 694 0
508 954 774 1326 0
509 94 93 1042 0
510 1042 542 606 0
511 1272 1042 606 0
512 1040 94 1042 0
513 1272 1040 1042 0
514 976 95 1040 0
515 191 342 694 0
516 93 542 1042 0
517 774 976 1040 0
518 1214 91 90 0
519 698 680 1320 0
520 694 1301 191 0
521 1214 90 401 0
522 1320 185 618 0
523 690 907 680 0
524 735 185 907 0
525 1365 735 912 0
526 196 1365 912 0
527 606 542 1365 0
528 401 1210 735 0
529 1365 542 1214 0
530 1214 542 91 0
531 735 1365 401 0
532 401 1365 1214 0
533 1301 1272 606 0
534 191 1301 196 0
535 458 1272 1301 0
536 1272 774 1040 0
537 196 1301 606 0
538 458 774 1272 0
539 92 91 542 0
540 90 89 401 0
541 1210 600 185 0
542 89 1210 401 0
543 89 88 1210 0
544 1218 1247 97 0
545 672 848 589 0
546 813 531 672 0
547 1191 860 607 0
548 1077 1257 1131 0
549 349 1043 1191 0
550 92 542 93 0
551 1320 907 185 0
552 698 1320 217 0
553 680 907 1320 0
554 334 680 323 0
555 1365 196 606 0
556 907 912 735 0
557 690 1161 912 0
558 334 690 680 0
559 1382 820 900 0
560 1161 1382 900 0
561 334 820 1382 0
562 1210 185 735 0
563 88 600 1210 0
564 88 87 600 0
565 865 551 617 0
566 1281 865 617 0
567 984 1281 617 0
568 1390 1052 1373 0
569 726 1390 1281 0
570 726 237 1390 0
571 1390 541 1052 0
572 535 348 689 0
573 1052 470 535 0
574 357 541 237 0
575 820 329 725 0
576 323 348 470 0
577 583 187 150 0
578 1389 712 583 0
579 216 1389 583 0
580 617 712 1389 0
581 161 369 333 0
582 810 506 526 0
583 161 810 526 0
584 161 268 810 0
585 697 347 520 0
586 893 697 520 0
587 602 526 697 0
588 697 506 347 0
589 712 526 364 0
590 369 161 526 0
591 810 181 506 0
592 866 86 85 0
593 185 1219 618 0
594 1219 86 866 0
595 866 411 618 0
596 85 411 866 0
597 84 83 878 0
598 1273 302 599 0
599 77 896 130 0
600 1060 718 382 0
601 302 1060 504 0
602 877 1349 1060 0
603 896 960 666 0
604 631 243 877 0
605 74 631 75 0
606 243 1102 1349 0
607 583 150 216 0
608 617 1389 216 0
609 364 187 583 0
610 374 189 207 0
611 613 428 374 0
612 296 660 1307 0
613 893 602 697 0
614 1045 1291 520 0
615 660 602 893 0
616 1307 660 1328 0
617 207 1307 613 0
618 207 296 1307 0
619 187 602 660 0
620 739 186 1293 0
621 660 296 187 0
622 213 632 1166 0
623 821 213 385 0
624 1 821 385 0
625 784 462 821 0
626 784 474 462 0
627 99 898 1 0
628 898 721 931 0
629 1 898 784 0
630 99 98 898 0
631 1166 197 320 0
632 652 632 462 0
633 652 978 632 0
634 978 197 632 0
635 1177 1077 1131 0
636 388 1177 279 0
637 1034 1077 1177 0
638 607 197 978 0
639 1191 607 1131 0
640 1043 860 1191 0
641 549 607 860 0
642 549 679 607 0
643 679 320 197 0
644 906 841 679 0
645 860 1265 549 0
646 1081 841 906 0
647 667 1305 679 0
648 1053 667 303 0
649 1182 1189 303 0
650 499 798 1053 0
651 624 1305 667 0
652 1166 632 197 0
653 257 1166 320 0
654 257 213 1166 0
655 1168 257 230 0
656 1184 1139 1043 0
657 307 1184 699 0
658 307 991 1184 0
659 667 679 841 0
660 679 197 607 0
661 652 1204 279 0
662 213 821 462 0
663 898 98 721 0
664 902 1034 848 0
665 329 820 357 0
666 457 1271 1322 0
667 820 541 357 0
668 900 820 725 0
669 334 470 820 0
670 1161 690 1382 0
671 191 1161 900 0
672 196 912 1161 0
673 329 683 725 0
674 690 912 907 0
675 867 1128 1254 0
676 726 867 237 0
677 166 222 971 0
678 1397 355 285 0
679 1283 1397 285 0
680 456 972 269 0
681 1310 476 355 0
682 447 1310 972 0
683 447 1384 1310 0
684 476 488 536 0
685 972 1310 355 0
686 157 488 476 0
687 868 176 620 0
688 1049 595 868 0
689 100 852 2 0
690 561 595 852 0
691 837 668 305 0
692 561 837 595 0
693 561 668 837 0
694 101 897 100 0
695 837 176 595 0
696 846 317 677 0
697 897 846 1032 0
698 561 897 668 0
699 101 846 897 0
700 102 317 846 0
701 275 649 1183 0
702 858 604 626 0
703 234 858 626 0
704 887 395 732 0
705 1041 887 858 0
706 649 395 887 0
707 1079 1207 275 0
708 1069 732 937 0
709 858 1069 604 0
710 887 732 1069 0
711 1020 529 828 0
712 1009 812 1167 0
713 626 529 812 0
714 1041 858 234 0
715 874 529 626 0
716 604 874 626 0
717 604 192 874 0
718 604 1069 1196 0
719 1016 732 395 0
720 1207 1164 395 0
721 580 842 1016 0
722 604 1196 192 0
723 826 937 732 0
724 548 1105 937 0
725 1164 580 1016 0
726 1174 246 552 0
727 826 842 1030 0
728 144 350 579 0
729 749 950 390 0
730 430 1215 1223 0
731 1031 366 563 0
732 1031 590 366 0
733 1270 1031 563 0
734 358 167 1319 0
735 163 131 590 0
736 1215 1085 188 0
737 1095 1223 412 0
738 430 1085 1215 0
739 921 622 225 0
740 1223 1095 921 0
741 1094 1223 921 0
742 1215 412 1223 0
743 704 622 921 0
744 743 922 1095 0
745 1311 563 490 0
746 622 1311 266 0
747 1270 563 1311 0
748 358 1270 704 0
749 358 1319 1270 0
750 1222 951 429 0
751 754 1222 429 0
752 1094 225 1366 0
753 590 131 1146 0
754 7 923 8 0
755 1261 452 1231 0
756 359 1240 1195 0
757 705 1111 359 0
758 1259 760 438 0
759 971 867 166 0
760 822 971 771 0
761 822 294 1014 0
762 749 423 597 0
763 950 727 390 0
764 198 1036 853 0
765 1116 727 950 0
766 1036 1116 950 0
767 1179 1243 1116 0
768 1205 948 1113 0
769 973 162 589 0
770 191 900 1271 0
771 683 1007 1154 0
772 973 342 1271 0
773 861 609 597 0
774 329 809 683 0
775 329 524 809 0
776 524 329 357 0
777 237 524 357 0
778 861 597 178 0
779 1044 1007 861 0
780 1156 1044 178 0
781 1185 162 1154 0
782 809 609 861 0
783 198 609 524 0
784 853 749 597 0
785 198 853 609 0
786 1179 1162 1014 0
787 853 1036 950 0
788 198 1162 1036 0
789 1154 162 457 0
790 1322 1154 457 0
791 1007 1044 1154 0
792 809 1007 683 0
793 861 178 1044 0
794 781 171 222 0
795 984 781 222 0
796 216 244 1392 0
797 1052 541 470 0
798 1373 1052 535 0
799 865 1281 1390 0
800 244 229 1369 0
801 150 244 216 0
802 150 229 244 0
803 717 380 782 0
804 929 717 472 0
805 929 828 717 0
806 1238 1201 1109 0
807 1229 449 223 0
808 1101 1229 1167 0
809 1101 1109 1229 0
810 1256 1056 1130 0
811 553 380 717 0
812 874 1056 1256 0
813 992 460 791 0
814 977 776 1140 0
815 1256 529 874 0
816 553 1256 1130 0
817 828 529 1256 0
818 339 776 977 0
819 339 693 776 0
820 809 524 609 0
821 278 878 83 0
822 911 698 217 0
823 1295 1070 245 0
824 1292 1295 245 0
825 646 268 1295 0
826 689 348 911 0
827 698 323 680 0
828 245 911 217 0
829 348 323 698 0
830 911 348 698 0
831 1070 689 911 0
832 245 1070 911 0
833 268 161 1070 0
834 161 333 689 0
835 1373 551 865 0
836 1390 1373 865 0
837 535 333 1373 0
838 348 535 470 0
839 984 216 781 0
840 166 1281 984 0
841 867 726 166 0
842 237 541 1390 0
843 712 364 583 0
844 551 712 617 0
845 551 369 712 0
846 333 551 1373 0
847 333 369 551 0
848 470 541 820 0
849 323 470 334 0
850 237 867 1254 0
851 86 1219 87 0
852 278 83 82 0
853 81 1067 1176 0
854 633 217 618 0
855 1292 885 1295 0
856 82 81 1176 0
857 757 169 885 0
858 526 712 369 0
859 1176 885 1292 0
860 82 1176 278 0
861 1067 885 1176 0
862 757 1067 81 0
863 757 885 1067 0
864 1312 877 1060 0
865 302 1312 1060 0
866 666 877 1312 0
867 757 80 592 0
868 896 666 130 0
869 75 960 76 0
870 75 631 960 0
871 1363 646 885 0
872 599 1363 169 0
873 1358 646 1363 0
874 333 535 689 0
875 411 85 84 0
876 878 411 84 0
877 633 878 278 0
878 633 411 878 0
879 1176 1292 278 0
880 245 217 633 0
881 1219 185 600 0
882 87 1219 600 0
883 866 618 1219 0
884 633 618 411 0
885 217 1320 618 0
886 1037 79 78 0
887 757 592 169 0
888 1363 885 169 0
889 81 80 757 0
890 80 79 592 0
891 1037 78 130 0
892 1273 130 666 0
893 592 1037 169 0
894 592 79 1037 0
895 77 130 78 0
896 253 180 605 0
897 269 253 195 0
898 556 269 195 0
899 1325 556 195 0
900 578 1325 195 0
901 578 283 1325 0
902 1392 459 171 0
903 832 1369 229 0
904 832 775 1369 0
905 283 775 556 0
906 930 720 782 0
907 456 421 447 0
908 1329 177 671 0
909 1350 1329 671 0
910 439 1283 1329 0
911 269 972 1397 0
912 872 1082 503 0
913 1082 508 236 0
914 285 596 177 0
915 1321 508 596 0
916 285 1321 596 0
917 355 476 1321 0
918 1321 476 508 0
919 546 206 437 0
920 151 379 1351 0
921 1329 285 177 0
922 1269 439 274 0
923 365 1269 274 0
924 365 180 1269 0
925 1283 285 1329 0
926 1269 1283 439 0
927 180 253 1283 0
928 1148 140 838 0
929 783 1148 343 0
930 473 140 1148 0
931 695 777 343 0
932 741 410 814 0
933 1258 943 532 0
934 966 409 740 0
935 389 765 741 0
936 389 409 765 0
937 724 389 943 0
938 933 909 979 0
939 1110 933 724 0
940 943 1110 724 0
941 473 783 1110 0
942 927 686 933 0
943 979 444 778 0
944 724 979 778 0
945 909 444 979 0
946 1239 927 933 0
947 686 1100 1227 0
948 331 926 1100 0
949 232 625 763 0
950 799 319 1089 0
951 965 625 799 0
952 778 965 409 0
953 763 625 965 0
954 389 778 409 0
955 444 232 763 0
956 232 344 625 0
957 678 319 625 0
958 344 678 625 0
959 1022 1000 947 0
960 834 1022 947 0
961 344 1000 1022 0
962 1169 1080 232 0
963 444 1169 232 0
964 568 1080 1169 0
965 1048 293 133 0
966 678 1022 834 0
967 322 608 947 0
968 695 134 1145 0
969 463 777 512 0
970 343 134 695 0
971 777 783 343 0
972 987 715 786 0
973 778 444 763 0
974 933 686 909 0
975 786 927 478 0
976 715 331 927 0
977 1100 926 835 0
978 568 1100 835 0
979 686 331 1100 0
980 838 435 569 0
981 343 1148 569 0
982 140 1027 838 0
983 855 654 889 0
984 811 1021 288 0
985 1021 831 286 0
986 288 1021 855 0
987 811 1008 1021 0
988 996 363 413 0
989 119 495 425 0
990 119 120 495 0
991 530 168 258 0
992 336 434 338 0
993 728 314 202 0
994 168 728 510 0
995 469 314 728 0
996 1397 1283 253 0
997 269 1397 253 0
998 972 355 1397 0
999 1353 834 1048 0
1000 1338 1353 1048 0
1001 558 834 1353 0
1002 608 1294 293 0
1003 415 536 322 0
1004 157 189 488 0
1005 1294 374 1293 0
1006 1049 868 968 0
1007 515 175 300 0
1008 663 515 300 0
1009 373 151 1300 0
1010 1345 218 151 0
1011 1351 1345 151 0
1012 168 1391 1345 0
1013 383 138 325 0
1014 1345 1391 218 0
1015 510 202 138 0
1016 1391 510 383 0
1017 218 1391 383 0
1018 168 510 1391 0
1019 168 391 728 0
1020 138 291 748 0
1021 291 138 202 0
1022 124 356 137 0
1023 422 125 126 0
1024 573 356 291 0
1025 124 125 356 0
1026 1038 325 748 0
1027 908 1038 856 0
1028 1212 968 405 0
1029 300 1212 405 0
1030 1083 1127 1212 0
1031 908 1083 1038 0
1032 1127 1049 968 0
1033 908 1253 1083 0
1034 908 128 1253 0
1035 76 896 77 0
1036 960 896 76 0
1037 877 960 631 0
1038 877 666 960 0
1039 243 74 73 0
1040 1349 877 243 0
1041 718 1349 152 0
1042 718 1060 1349 0
1043 904 1346 152 0
1044 382 504 1060 0
1045 504 347 506 0
1046 666 1312 302 0
1047 382 347 504 0
1048 1346 315 382 0
1049 152 1346 718 0
1050 675 315 1346 0
1051 164 1200 382 0
1052 130 1273 1037 0
1053 181 599 302 0
1054 1358 268 646 0
1055 181 1358 599 0
1056 181 268 1358 0
1057 631 74 243 0
1058 1102 73 72 0
1059 1102 72 584 0
1060 1078 71 70 0
1061 69 1078 70 0
1062 1102 243 73 0
1063 152 1102 584 0
1064 152 1349 1102 0
1065 1078 904 584 0
1066 71 1078 584 0
1067 182 904 1078 0
1068 1230 450 182 0
1069 66 588 67 0
1070 1202 65 1124 0
1071 588 997 796 0
1072 66 65 1202 0
1073 718 1346 382 0
1074 904 675 1346 0
1075 584 904 152 0
1076 182 450 904 0
1077 1246 496 443 0
1078 1356 769 675 0
1079 904 1356 675 0
1080 904 450 1356 0
1081 1317 496 769 0
1082 450 1317 769 0
1083 450 796 1317 0
1084 1230 588 450 0
1085 68 1230 182 0
1086 68 67 1230 0
1087 969 277 533 0
1088 675 969 315 0
1089 769 496 1246 0
1090 1293 293 1294 0
1091 739 1293 374 0
1092 133 293 1293 0
1093 504 506 181 0
1094 1070 161 689 0
1095 1295 268 1070 0
1096 1295 885 646 0
1097 633 1292 245 0
1098 633 278 1292 0
1099 1363 599 1358 0
1100 181 810 268 0
1101 1273 666 302 0
1102 169 1273 599 0
1103 169 1037 1273 0
1104 526 506 697 0
1105 302 504 181 0
1106 1200 520 347 0
1107 382 1200 347 0
1108 164 520 1200 0
1109 182 1078 69 0
1110 182 69 68 0
1111 325 1180 175 0
1112 356 422 291 0
1113 1180 325 1038 0
1114 138 748 325 0
1115 422 126 856 0
1116 588 1230 67 0
1117 224 1274 1333 0
1118 969 1246 277 0
1119 1246 443 304 0
1120 277 1246 304 0
1121 969 769 1246 0
1122 588 796 450 0
1123 1268 64 63 0
1124 1268 1124 64 0
1125 1050 1268 63 0
1126 1050 621 1333 0
1127 1202 997 66 0
1128 964 1202 1124 0
1129 964 796 1202 0
1130 796 964 762 0
1131 796 997 1202 0
1132 742 301 636 0
1133 496 762 443 0
1134 224 301 1330 0
1135 584 72 71 0
1136 762 685 443 0
1137 796 762 496 0
1138 1317 796 496 0
1139 588 66 997 0
1140 1274 685 762 0
1141 964 1274 762 0
1142 224 1330 1274 0
1143 62 869 1050 0
1144 964 1268 1333 0
1145 1333 621 224 0
1146 964 1333 1274 0
1147 1268 1050 1333 0
1148 62 1050 63 0
1149 869 621 1050 0
1150 61 869 62 0
1151 61 60 1074 0
1152 767 1237 59 0
1153 1237 60 59 0
1154 869 1074 895 0
1155 869 61 1074 0
1156 1048 947 293 0
1157 1338 1048 133 0
1158 186 1338 133 0
1159 341 1353 1338 0
1160 834 947 1048 0
1161 415 322 1000 0
1162 236 415 231 0
1163 236 508 536 0
1164 536 508 476 0
1165 608 536 488 0
1166 1294 608 488 0
1167 189 1294 488 0
1168 189 374 1294 0
1169 293 947 608 0
1170 415 236 536 0
1171 207 189 157 0
1172 1384 207 157 0
1173 1384 296 207 0
1174 1384 421 296 0
1175 1310 1384 157 0
1176 447 421 1384 0
1177 476 1310 157 0
1178 456 229 421 0
1179 972 456 447 0
1180 269 556 456 0
1181 229 150 421 0
1182 150 187 296 0
1183 533 164 315 0
1184 651 533 277 0
1185 1045 520 164 0
1186 651 1045 533 0
1187 522 1291 1045 0
1188 1328 660 893 0
1189 1291 1328 893 0
1190 613 1307 1328 0
1191 602 364 526 0
1192 1291 613 1328 0
1193 520 1291 893 0
1194 522 428 1291 0
1195 187 364 602 0
1196 408 428 522 0
1197 1377 256 1019 0
1198 215 1288 1029 0
1199 829 304 494 0
1200 601 554 543 0
1201 1029 601 543 0
1202 1377 1029 543 0
1203 256 1377 543 0
1204 990 215 1377 0
1205 215 481 1288 0
1206 186 408 601 0
1207 1340 522 651 0
1208 829 554 1099 0
1209 742 829 494 0
1210 543 554 829 0
1211 769 969 675 0
1212 1099 651 277 0
1213 829 1099 304 0
1214 554 408 1340 0
1215 739 408 186 0
1216 133 1293 186 0
1217 374 428 739 0
1218 533 1045 164 0
1219 651 522 1045 0
1220 304 1099 277 0
1221 1340 408 522 0
1222 1099 1340 651 0
1223 1099 554 1340 0
1224 428 613 1291 0
1225 739 428 408 0
1226 374 207 613 0
1227 450 769 1356 0
1228 533 315 969 0
1229 164 382 315 0
1230 64 1124 65 0
1231 964 1124 1268 0
1232 58 767 59 0
1233 422 748 291 0
1234 125 422 356 0
1235 908 127 128 0
1236 422 856 748 0
1237 126 127 856 0
1238 983 233 363 0
1239 573 314 367 0
1240 873 728 391 0
1241 573 202 314 0
1242 356 573 137 0
1243 291 202 573 0
1244 946 363 538 0
1245 121 946 120 0
1246 1023 461 983 0
1247 202 510 728 0
1248 1351 258 1345 0
1249 546 1351 379 0
1250 546 258 1351 0
1251 206 546 274 0
1252 437 258 546 0
1253 123 124 137 0
1254 767 703 354 0
1255 895 1074 1237 0
1256 58 703 767 0
1257 621 664 224 0
1258 57 703 58 0
1259 1359 702 353 0
1260 1018 1359 353 0
1261 1114 1242 1359 0
1262 56 484 57 0
1263 1092 54 480 0
1264 989 1092 480 0
1265 920 616 1092 0
1266 123 137 461 0
1267 767 354 448 0
1268 484 703 57 0
1269 484 1242 703 0
1270 55 616 56 0
1271 212 1242 484 0
1272 616 212 484 0
1273 56 616 484 0
1274 55 54 1092 0
1275 408 554 601 0
1276 944 742 256 0
1277 829 944 543 0
1278 829 742 944 0
1279 443 494 304 0
1280 443 685 494 0
1281 1242 354 703 0
1282 1359 1242 212 0
1283 1114 354 1242 0
1284 702 1359 212 0
1285 1114 1282 1194 0
1286 486 1332 353 0
1287 1282 1063 1194 0
1288 827 1282 1018 0
1289 827 550 1282 0
1290 1114 1194 354 0
1291 1284 1063 550 0
1292 1354 448 1194 0
1293 224 664 301 0
1294 895 448 1354 0
1295 621 895 664 0
1296 621 869 895 0
1297 1237 1074 60 0
1298 448 1237 767 0
1299 448 895 1237 0
1300 1332 1018 353 0
1301 1017 1062 486 0
1302 550 1063 1282 0
1303 1377 215 1029 0
1304 1019 990 1377 0
1305 636 1019 256 0
1306 418 491 1297 0
1307 1047 420 337 0
1308 799 1089 500 0
1309 1028 420 1047 0
1310 481 1028 839 0
1311 994 420 1028 0
1312 252 994 990 0
1313 252 615 994 0
1314 1354 1063 1284 0
1315 895 1354 664 0
1316 1194 1063 1354 0
1317 354 1194 448 0
1318 1114 1018 1282 0
1319 1019 636 418 0
1320 1284 664 1354 0
1321 1084 669 910 0
1322 179 1084 910 0
1323 1368 1213 1084 0
1324 1028 481 215 0
1325 1047 839 1028 0
1326 558 341 839 0
1327 755 431 146 0
1328 785 1151 146 0
1329 692 211 755 0
1330 137 573 367 0
1331 53 480 54 0
1332 491 211 252 0
1333 1297 491 252 0
1334 1019 1297 252 0
1335 1019 418 1297 0
1336 1062 1394 827 0
1337 1114 1359 1018 0
1338 616 920 212 0
1339 920 989 1112 0
1340 1165 1017 431 0
1341 491 1165 211 0
1342 491 1336 1165 0
1343 510 138 383 0
1344 51 611 52 0
1345 983 461 367 0
1346 611 480 52 0
1347 540 642 204 0
1348 642 480 611 0
1349 204 642 611 0
1350 989 920 1092 0
1351 265 1112 642 0
1352 265 706 1112 0
1353 634 248 375 0
1354 226 889 1071 0
1355 1106 336 959 0
1356 794 1025 634 0
1357 466 434 1025 0
1358 1025 434 336 0
1359 794 466 1025 0
1360 375 1198 634 0
1361 492 564 794 0
1362 889 492 794 0
1363 855 889 226 0
1364 654 492 889 0
1365 655 855 226 0
1366 286 351 654 0
1367 1134 700 996 0
1368 924 413 469 0
1369 1086 924 873 0
1370 914 1086 873 0
1371 914 564 1086 0
1372 1134 351 700 0
1373 413 1134 996 0
1374 981 351 1134 0
1375 1086 981 924 0
1376 564 492 1192 0
1377 466 564 914 0
1378 564 1192 981 0
1379 1082 915 177 0
1380 508 1082 596 0
1381 872 1054 1082 0
1382 959 400 915 0
1383 1106 1025 336 0
1384 248 1106 240 0
1385 248 634 1106 0
1386 336 400 959 0
1387 338 206 400 0
1388 645 221 540 0
1389 51 645 204 0
1390 50 381 645 0
1391 1054 240 959 0
1392 915 1054 959 0
1393 915 1082 1054 0
1394 1054 872 629 0
1395 671 915 400 0
1396 177 596 1082 0
1397 503 397 872 0
1398 231 503 236 0
1399 629 240 1054 0
1400 397 629 872 0
1401 397 835 629 0
1402 1000 344 1080 0
1403 559 1172 629 0
1404 835 559 629 0
1405 1058 835 397 0
1406 1227 444 909 0
1407 568 1227 1100 0
1408 568 1169 1227 0
1409 1058 568 835 0
1410 503 1058 397 0
1411 231 1000 1080 0
1412 1227 909 686 0
1413 714 375 248 0
1414 926 714 559 0
1415 835 926 559 0
1416 331 816 926 0
1417 331 715 816 0
1418 1192 351 981 0
1419 654 1192 492 0
1420 654 351 1192 0
1421 634 1025 1106 0
1422 671 206 1350 0
1423 915 671 177 0
1424 400 206 671 0
1425 530 391 168 0
1426 437 530 258 0
1427 939 434 914 0
1428 1055 939 914 0
1429 873 1055 914 0
1430 873 391 1055 0
1431 437 206 939 0
1432 338 939 206 0
1433 437 939 530 0
1434 959 240 1106 0
1435 873 924 469 0
1436 434 939 338 0
1437 1345 258 168 0
1438 379 365 274 0
1439 546 379 274 0
1440 1276 373 790 0
1441 338 400 336 0
1442 644 134 267 0
1443 770 1383 312 0
1444 214 1388 1378 0
1445 802 501 505 0
1446 1234 545 1137 0
1447 1088 1234 463 0
1448 1088 545 1234 0
1449 999 1088 512 0
1450 999 800 1088 0
1451 375 714 816 0
1452 1239 478 927 0
1453 783 1239 1110 0
1454 783 478 1239 0
1455 816 714 926 0
1456 773 816 376 0
1457 773 975 1011 0
1458 1198 375 870 0
1459 184 1198 870 0
1460 1071 634 1198 0
1461 1172 559 714 0
1462 248 1172 714 0
1463 248 240 1172 0
1464 1172 240 629 0
1465 1123 419 823 0
1466 1088 1123 545 0
1467 1088 800 1123 0
1468 505 501 800 0
1469 1249 708 1120 0
1470 1120 372 957 0
1471 174 708 361 0
1472 407 372 708 0
1473 1262 823 547 0
1474 890 1262 547 0
1475 1137 823 1262 0
1476 890 226 184 0
1477 729 825 547 0
1478 288 855 655 0
1479 855 1021 654 0
1480 115 662 172 0
1481 117 118 425 0
1482 1035 299 850 0
1483 751 1035 850 0
1484 751 700 1035 0
1485 1288 1338 186 0
1486 601 1029 1288 0
1487 1022 678 344 0
1488 341 558 1353 0
1489 558 319 834 0
1490 481 839 341 0
1491 319 678 834 0
1492 1058 503 231 0
1493 1071 889 794 0
1494 634 1071 794 0
1495 184 226 1071 0
1496 503 1082 236 0
1497 608 322 536 0
1498 1169 444 1227 0
1499 1321 285 355 0
1500 1213 410 966 0
1501 1084 1213 899 0
1502 738 410 1213 0
1503 261 1171 1368 0
1504 238 627 814 0
1505 692 337 420 0
1506 211 692 615 0
1507 394 731 805 0
1508 1151 394 1004 0
1509 581 903 146 0
1510 1005 687 806 0
1511 805 518 337 0
1512 306 731 394 0
1513 306 669 731 0
1514 966 741 765 0
1515 899 669 1084 0
1516 966 899 1213 0
1517 942 518 936 0
1518 1252 799 500 0
1519 409 1125 740 0
1520 965 799 1125 0
1521 936 669 899 0
1522 942 936 899 0
1523 740 942 899 0
1524 740 1125 1252 0
1525 518 805 936 0
1526 627 249 1173 0
1527 532 814 575 0
1528 238 249 627 0
1529 839 1089 558 0
1530 805 731 936 0
1531 692 805 337 0
1532 692 1004 805 0
1533 799 625 319 0
1534 1252 1125 799 0
1535 1309 1252 500 0
1536 942 740 1252 0
1537 1125 409 965 0
1538 518 942 1252 0
1539 1309 518 1252 0
1540 966 410 741 0
1541 409 966 765 0
1542 740 899 966 0
1543 731 669 936 0
1544 1368 179 261 0
1545 1213 1368 738 0
1546 1084 179 1368 0
1547 306 910 669 0
1548 306 806 910 0
1549 979 724 933 0
1550 965 778 763 0
1551 389 724 778 0
1552 1028 215 990 0
1553 1089 319 558 0
1554 1047 1089 839 0
1555 1047 500 1089 0
1556 1288 186 601 0
1557 341 1288 481 0
1558 341 1338 1288 0
1559 944 256 543 0
1560 685 742 494 0
1561 1330 301 742 0
1562 685 1330 742 0
1563 685 1274 1330 0
1564 1188 149 1051 0
1565 1005 859 1188 0
1566 986 146 903 0
1567 785 986 859 0
1568 785 146 986 0
1569 1019 252 990 0
1570 636 550 418 0
1571 742 636 256 0
1572 1284 550 636 0
1573 301 1284 636 0
1574 301 664 1284 0
1575 1017 414 1224 0
1576 1336 1394 1062 0
1577 1264 702 1112 0
1578 49 381 50 0
1579 1160 1395 623 0
1580 1298 819 265 0
1581 642 1298 265 0
1582 642 540 1298 0
1583 540 221 1364 0
1584 48 381 49 0
1585 45 1228 46 0
1586 645 381 221 0
1587 750 47 46 0
1588 752 750 424 0
1589 953 47 750 0
1590 946 495 120 0
1591 413 363 233 0
1592 469 413 233 0
1593 314 469 233 0
1594 914 434 466 0
1595 981 1086 564 0
1596 1055 530 939 0
1597 728 873 469 0
1598 391 530 1055 0
1599 538 751 495 0
1600 425 118 119 0
1601 1134 413 924 0
1602 751 996 700 0
1603 538 363 996 0
1604 946 538 495 0
1605 1134 924 981 0
1606 299 1178 831 0
1607 1178 700 286 0
1608 831 1178 286 0
1609 1035 700 1178 0
1610 495 751 425 0
1611 538 996 751 0
1612 351 286 700 0
1613 794 564 466 0
1614 850 299 662 0
1615 843 313 674 0
1616 1264 706 744 0
1617 1371 1264 744 0
1618 486 1371 744 0
1619 486 353 1371 0
1620 353 702 1264 0
1621 265 824 1343 0
1622 903 674 194 0
1623 431 581 146 0
1624 1302 744 706 0
1625 843 1302 313 0
1626 843 744 1302 0
1627 581 843 674 0
1628 414 744 843 0
1629 674 313 194 0
1630 149 903 194 0
1631 581 1224 843 0
1632 1224 414 843 0
1633 431 1224 581 0
1634 431 1017 1224 0
1635 1004 692 755 0
1636 1151 1004 755 0
1637 146 1151 755 0
1638 785 394 1151 0
1639 394 805 1004 0
1640 1394 491 418 0
1641 1394 1336 491 0
1642 550 1394 418 0
1643 550 827 1394 0
1644 1062 1017 1336 0
1645 1332 1062 827 0
1646 1018 1332 827 0
1647 486 1062 1332 0
1648 1017 1165 1336 0
1649 414 1017 486 0
1650 431 755 1165 0
1651 1302 706 1343 0
1652 486 744 414 0
1653 1371 353 1264 0
1654 1279 819 1364 0
1655 623 1395 227 0
1656 824 819 1279 0
1657 1343 824 313 0
1658 1302 1343 313 0
1659 706 265 1343 0
1660 265 819 824 0
1661 1112 989 642 0
1662 1264 1112 706 0
1663 702 920 1112 0
1664 989 480 642 0
1665 212 920 702 0
1666 616 55 1092 0
1667 53 52 480 0
1668 1364 221 619 0
1669 1279 1364 619 0
1670 819 540 1364 0
1671 1298 540 819 0
1672 204 645 540 0
1673 51 204 611 0
1674 51 50 645 0
1675 903 149 986 0
1676 674 903 581 0
1677 149 859 986 0
1678 381 1221 221 0
1679 1395 824 1279 0
1680 227 1395 1279 0
1681 1160 824 1395 0
1682 953 381 48 0
1683 426 752 424 0
1684 426 1093 752 0
1685 1193 562 352 0
1686 519 1193 352 0
1687 1061 638 1193 0
1688 598 638 261 0
1689 598 854 638 0
1690 910 687 598 0
1691 854 562 638 0
1692 687 854 598 0
1693 332 682 854 0
1694 871 295 328 0
1695 194 871 149 0
1696 194 623 871 0
1697 295 995 1143 0
1698 1221 1093 619 0
1699 953 1221 381 0
1700 752 1093 1221 0
1701 795 892 1093 0
1702 227 1279 619 0
1703 289 1374 201 0
1704 639 270 262 0
1705 1126 377 42 0
1706 967 1126 311 0
1707 967 377 1126 0
1708 1323 967 311 0
1709 845 1323 311 0
1710 585 153 1381 0
1711 766 1334 967 0
1712 1334 534 967 0
1713 183 764 1157 0
1714 662 115 116 0
1715 662 299 172 0
1716 117 662 116 0
1717 850 425 751 0
1718 117 850 662 0
1719 117 425 850 0
1720 1376 132 1287 0
1721 287 1376 247 0
1722 761 132 1376 0
1723 1341 761 1376 0
1724 136 1341 287 0
1725 136 1342 1341 0
1726 321 203 761 0
1727 808 570 372 0
1728 321 808 203 0
1729 528 570 808 0
1730 570 432 756 0
1731 203 808 372 0
1732 840 433 1225 0
1733 528 840 570 0
1734 528 684 840 0
1735 110 653 160 0
1736 1096 111 371 0
1737 713 1096 371 0
1738 653 110 1096 0
1739 684 653 433 0
1740 110 111 1096 0
1741 371 309 673 0
1742 407 708 174 0
1743 407 174 132 0
1744 761 407 132 0
1745 203 372 407 0
1746 1163 1015 610 0
1747 862 1163 610 0
1748 205 1008 1163 0
1749 1015 288 655 0
1750 610 1015 199 0
1751 811 288 1015 0
1752 1008 831 1021 0
1753 851 1008 205 0
1754 851 299 1008 0
1755 1021 286 654 0
1756 1163 1008 811 0
1757 299 1035 1178 0
1758 975 184 870 0
1759 825 890 547 0
1760 655 226 890 0
1761 715 376 816 0
1762 686 927 331 0
1763 987 463 1234 0
1764 927 786 715 0
1765 478 777 786 0
1766 777 463 786 0
1767 783 777 478 0
1768 933 1110 1239 0
1769 473 1148 783 0
1770 695 512 777 0
1771 1145 999 512 0
1772 644 1145 134 0
1773 644 442 1145 0
1774 1123 501 419 0
1775 1123 800 501 0
1776 695 1145 512 0
1777 442 800 999 0
1778 442 505 800 0
1779 987 376 715 0
1780 463 987 786 0
1781 1234 1137 987 0
1782 512 1088 463 0
1783 729 392 825 0
1784 823 729 547 0
1785 975 1137 1262 0
1786 545 1123 823 0
1787 419 747 729 0
1788 1249 419 501 0
1789 361 708 1249 0
1790 441 729 747 0
1791 1198 184 1071 0
1792 1011 870 375 0
1793 816 1011 375 0
1794 816 773 1011 0
1795 975 1262 890 0
1796 987 773 376 0
1797 975 890 184 0
1798 1011 975 870 0
1799 1137 545 823 0
1800 773 1137 975 0
1801 773 987 1137 0
1802 419 729 823 0
1803 825 1015 655 0
1804 890 825 655 0
1805 392 199 1015 0
1806 441 392 729 0
1807 1249 1120 747 0
1808 419 1249 747 0
1809 501 802 1249 0
1810 1098 432 485 0
1811 1115 756 1098 0
1812 1120 957 441 0
1813 747 1120 441 0
1814 708 372 1120 0
1815 372 756 957 0
1816 372 570 756 0
1817 392 1015 825 0
1818 219 250 170 0
1819 1383 505 442 0
1820 312 1383 442 0
1821 770 505 1383 0
1822 214 770 312 0
1823 594 505 770 0
1824 440 1304 200 0
1825 174 361 802 0
1826 345 210 1385 0
1827 711 345 250 0
1828 255 511 1314 0
1829 475 644 290 0
1830 1362 963 657 0
1831 173 1362 1278 0
1832 272 963 1362 0
1833 644 312 442 0
1834 1379 475 290 0
1835 255 711 1296 0
1836 838 569 1148 0
1837 758 569 435 0
1838 134 343 569 0
1839 199 441 1115 0
1840 113 309 112 0
1841 113 114 309 0
1842 115 172 863 0
1843 844 1228 45 0
1844 1228 424 750 0
1845 44 815 844 0
1846 764 270 639 0
1847 1275 656 289 0
1848 352 1348 519 0
1849 647 1380 886 0
1850 1334 766 1132 0
1851 270 1334 1132 0
1852 183 534 1334 0
1853 1374 141 201 0
1854 446 1374 656 0
1855 576 141 1374 0
1856 1381 576 446 0
1857 153 676 576 0
1858 1160 194 313 0
1859 824 1160 313 0
1860 623 194 1160 0
1861 1093 426 795 0
1862 619 1093 892 0
1863 619 221 1221 0
1864 659 871 623 0
1865 851 172 299 0
1866 831 1008 299 0
1867 612 172 851 0
1868 862 673 612 0
1869 1163 862 205 0
1870 485 673 862 0
1871 863 114 115 0
1872 673 863 612 0
1873 309 114 863 0
1874 1275 289 298 0
1875 577 1275 298 0
1876 519 886 1275 0
1877 142 577 298 0
1878 886 1348 647 0
1879 205 612 851 0
1880 1098 756 432 0
1881 862 1098 485 0
1882 610 199 1115 0
1883 392 441 199 0
1884 528 292 370 0
1885 432 570 840 0
1886 808 321 292 0
1887 612 863 172 0
1888 764 445 1157 0
1889 270 764 183 0
1890 639 1303 764 0
1891 1344 795 1303 0
1892 262 1344 639 0
1893 995 795 1344 0
1894 701 1143 1386 0
1895 295 659 995 0
1896 1303 424 445 0
1897 764 1303 445 0
1898 995 659 795 0
1899 892 623 227 0
1900 892 659 623 0
1901 619 892 227 0
1902 795 659 892 0
1903 1303 795 426 0
1904 424 1303 426 0
1905 639 1344 1303 0
1906 1386 262 701 0
1907 995 1386 1143 0
1908 1344 262 1386 0
1909 295 871 659 0
1910 953 48 47 0
1911 752 953 750 0
1912 752 1221 953 0
1913 577 519 1275 0
1914 879 1061 142 0
1915 1193 638 562 0
1916 142 1061 577 0
1917 261 638 1061 0
1918 577 1061 1193 0
1919 179 598 261 0
1920 1143 1387 295 0
1921 854 682 1064 0
1922 1188 859 149 0
1923 332 1188 682 0
1924 332 1005 1188 0
1925 262 270 647 0
1926 1374 446 576 0
1927 1275 886 1380 0
1928 1380 1132 446 0
1929 1275 1380 656 0
1930 647 1132 1380 0
1931 1348 701 262 0
1932 519 1348 886 0
1933 352 701 1348 0
1934 270 1132 647 0
1935 577 1193 519 0
1936 201 298 289 0
1937 807 316 155 0
1938 1002 807 483 0
1939 789 1002 483 0
1940 716 928 1002 0
1941 201 141 807 0
1942 316 807 141 0
1943 574 393 276 0
1944 513 574 139 0
1945 789 483 393 0
1946 513 789 574 0
1947 513 378 1331 0
1948 1331 1002 789 0
1949 1370 1149 661 0
1950 593 1370 378 0
1951 148 1149 1370 0
1952 928 201 807 0
1953 661 928 716 0
1954 661 298 928 0
1955 155 730 483 0
1956 1051 682 1188 0
1957 871 1051 149 0
1958 328 682 1051 0
1959 148 249 635 0
1960 1080 344 232 0
1961 1058 1080 568 0
1962 1058 231 1080 0
1963 415 1000 231 0
1964 322 947 1000 0
1965 1309 337 518 0
1966 1047 1309 500 0
1967 1047 337 1309 0
1968 990 994 1028 0
1969 252 211 615 0
1970 755 211 1165 0
1971 420 615 692 0
1972 420 994 615 0
1973 309 371 112 0
1974 451 650 276 0
1975 1362 719 1278 0
1976 134 569 267 0
1977 1173 575 627 0
1978 838 1027 514 0
1979 140 575 1027 0
1980 593 378 513 0
1981 582 593 173 0
1982 582 148 593 0
1983 593 148 1370 0
1984 514 582 173 0
1985 514 1027 1173 0
1986 1173 249 582 0
1987 514 1173 582 0
1988 1027 575 1173 0
1989 532 575 140 0
1990 814 410 738 0
1991 575 814 627 0
1992 532 741 814 0
1993 1149 142 661 0
1994 635 1149 148 0
1995 635 879 1149 0
1996 238 635 249 0
1997 1171 261 879 0
1998 635 1171 879 0
1999 238 738 1171 0
2000 238 814 738 0
2001 1258 532 140 0
2002 473 1258 140 0
2003 473 1110 1258 0
2004 943 389 741 0
2005 532 943 741 0
2006 1258 1110 943 0
2007 879 142 1149 0
2008 238 1171 635 0
2009 261 1061 879 0
2010 738 1368 1171 0
2011 328 1051 871 0
2012 1064 352 562 0
2013 1143 701 1064 0
2014 682 1387 1064 0
2015 995 1344 1386 0
2016 262 647 1348 0
2017 1005 332 687 0
2018 785 1005 806 0
2019 785 859 1005 0
2020 1064 562 854 0
2021 1387 1143 1064 0
2022 328 1387 682 0
2023 328 295 1387 0
2024 701 352 1064 0
2025 806 306 394 0
2026 785 806 394 0
2027 687 910 806 0
2028 854 687 332 0
2029 598 179 910 0
2030 928 298 201 0
2031 378 1370 716 0
2032 142 298 661 0
2033 815 44 43 0
2034 534 815 377 0
2035 1157 445 844 0
2036 815 1157 844 0
2037 534 183 1157 0
2038 377 815 43 0
2039 1157 815 534 0
2040 1228 844 445 0
2041 424 1228 445 0
2042 750 46 1228 0
2043 45 44 844 0
2044 42 377 43 0
2045 1380 446 656 0
2046 183 1334 270 0
2047 766 446 1132 0
2048 377 967 534 0
2049 967 1323 766 0
2050 42 311 1126 0
2051 789 393 574 0
2052 1211 404 772 0
2053 1033 847 502 0
2054 483 730 393 0
2055 155 1152 935 0
2056 1006 159 665 0
2057 32 1006 665 0
2058 958 1121 1006 0
2059 29 1144 30 0
2060 940 565 1121 0
2061 847 523 502 0
2062 801 1033 502 0
2063 1357 260 637 0
2064 847 1181 523 0
2065 935 260 1181 0
2066 730 935 847 0
2067 730 155 935 0
2068 1181 159 523 0
2069 1289 326 387 0
2070 272 1289 310 0
2071 888 326 1289 0
2072 208 888 272 0
2073 650 451 888 0
2074 241 451 276 0
2075 241 228 932 0
2076 393 1033 970 0
2077 139 574 276 0
2078 847 935 1181 0
2079 1355 586 156 0
2080 326 1355 156 0
2081 932 468 1355 0
2082 451 932 326 0
2083 228 468 932 0
2084 1372 468 165 0
2085 709 1372 165 0
2086 402 493 1372 0
2087 241 932 451 0
2088 330 640 147 0
2089 163 330 147 0
2090 509 1236 1250 0
2091 1396 359 330 0
2092 167 358 705 0
2093 963 272 310 0
2094 511 963 310 0
2095 657 719 1362 0
2096 267 758 290 0
2097 272 1362 208 0
2098 758 719 657 0
2099 435 514 1278 0
2100 311 41 40 0
2101 1381 766 1323 0
2102 585 1381 1323 0
2103 153 576 1381 0
2104 42 41 311 0
2105 845 40 39 0
2106 1206 845 39 0
2107 38 1206 39 0
2108 417 746 1206 0
2109 585 1323 845 0
2110 417 1206 38 0
2111 289 656 1374 0
2112 585 845 1206 0
2113 673 309 863 0
2114 205 862 612 0
2115 713 371 673 0
2116 485 713 673 0
2117 485 432 1225 0
2118 610 1098 862 0
2119 811 1015 1163 0
2120 1115 441 957 0
2121 756 1115 957 0
2122 1098 610 1115 0
2123 1225 433 653 0
2124 1225 432 840 0
2125 713 1225 1096 0
2126 713 485 1225 0
2127 111 112 371 0
2128 417 38 37 0
2129 36 521 37 0
2130 845 311 40 0
2131 746 585 1206 0
2132 1381 446 766 0
2133 521 417 37 0
2134 1308 637 260 0
2135 521 1299 746 0
2136 952 637 1299 0
2137 36 952 521 0
2138 881 637 952 0
2139 35 881 952 0
2140 35 464 881 0
2141 949 676 153 0
2142 1299 949 746 0
2143 1308 1152 949 0
2144 1362 173 208 0
2145 435 1278 719 0
2146 514 173 1278 0
2147 838 514 435 0
2148 249 148 582 0
2149 34 464 35 0
2150 571 163 147 0
2151 1308 260 1152 0
2152 1299 1308 949 0
2153 1299 637 1308 0
2154 36 35 952 0
2155 464 665 1357 0
2156 33 665 34 0
2157 1357 1181 260 0
2158 464 637 881 0
2159 665 33 32 0
2160 1357 665 159 0
2161 1181 1357 159 0
2162 637 464 1357 0
2163 464 34 665 0
2164 1006 32 31 0
2165 513 139 208 0
2166 173 513 208 0
2167 1331 716 1002 0
2168 513 1331 789 0
2169 378 716 1331 0
2170 1370 661 716 0
2171 1002 928 807 0
2172 1152 260 935 0
2173 316 1152 155 0
2174 676 949 1152 0
2175 141 676 316 0
2176 1299 521 952 0
2177 153 746 949 0
2178 153 585 746 0
2179 1006 31 958 0
2180 31 30 958 0
2181 287 516 136 0
2182 247 477 287 0
2183 516 259 136 0
2184 1150 614 1003 0
2185 1150 145 209 0
2186 477 1150 1003 0
2187 477 567 1150 0
2188 840 684 433 0
2189 107 281 251 0
2190 108 160 281 0
2191 761 203 407 0
2192 190 1342 136 0
2193 292 528 808 0
2194 297 292 190 0
2195 684 160 653 0
2196 370 684 528 0
2197 370 281 684 0
2198 110 160 109 0
2199 1096 1225 653 0
2200 1342 292 321 0
2201 1341 1342 321 0
2202 190 292 1342 0
2203 1184 349 699 0
2204 1208 135 572 0
2205 991 1208 1139 0
2206 398 135 1208 0
2207 1265 860 1043 0
2208 1077 1034 902 0
2209 349 1191 1257 0
2210 1177 978 279 0
2211 1257 1191 1131 0
2212 902 1257 1077 0
2213 531 349 1257 0
2214 607 978 1131 0
2215 1139 1184 991 0
2216 531 699 349 0
2217 813 919 699 0
2218 1185 1044 1156 0
2219 1091 670 919 0
2220 1010 1091 919 0
2221 1156 1220 1091 0
2222 818 539 693 0
2223 339 818 693 0
2224 925 465 779 0
2225 1013 925 818 0
2226 710 465 925 0
2227 1105 1235 368 0
2228 1196 1105 368 0
2229 1263 1174 264 0
2230 1235 1263 1138 0
2231 548 1174 1263 0
2232 1097 779 980 0
2233 818 1097 539 0
2234 925 779 1097 0
2235 1226 980 1133 0
2236 988 779 465 0
2237 1138 988 465 0
2238 641 882 988 0
2239 1260 438 1135 0
2240 1097 1226 539 0
2241 1097 980 1226 0
2242 787 980 779 0
2243 479 1133 980 0
2244 1138 641 988 0
2245 1195 330 359 0
2246 1111 1240 359 0
2247 1065 640 1195 0
2248 787 882 1065 0
2249 263 1315 640 0
2250 1104 934 1243 0
2251 791 1233 487 0
2252 1216 1135 982 0
2253 1087 1216 1104 0
2254 1087 1135 1216 0
2255 539 1260 916 0
2256 1216 934 1104 0
2257 780 467 745 0
2258 416 780 745 0
2259 962 537 817 0
2260 982 962 780 0
2261 760 537 962 0
2262 438 1133 1259 0
2263 1111 705 945 0
2264 1243 294 487 0
2265 1104 1243 487 0
2266 934 1116 1243 0
2267 745 727 416 0
2268 982 780 416 0
2269 948 390 745 0
2270 467 948 745 0
2271 1236 509 1107 0
2272 950 749 853 0
2273 1195 479 1065 0
2274 641 264 284 0
2275 1065 479 787 0
2276 640 1065 882 0
2277 640 330 1195 0
2278 787 779 988 0
2279 882 787 988 0
2280 263 882 641 0
2281 263 640 882 0
2282 479 980 787 0
2283 1097 818 925 0
2284 1260 1087 916 0
2285 760 1135 438 0
2286 982 416 1216 0
2287 818 339 1013 0
2288 916 693 539 0
2289 1260 1135 1087 0
2290 1226 1260 539 0
2291 1226 438 1260 0
2292 460 693 916 0
2293 460 776 693 0
2294 1263 1105 548 0
2295 710 1235 465 0
2296 710 368 1235 0
2297 1196 1069 937 0
2298 1105 1196 937 0
2299 368 192 1196 0
2300 1174 1030 246 0
2301 1138 1263 264 0
2302 548 1030 1174 0
2303 552 254 525 0
2304 264 552 284 0
2305 246 170 552 0
2306 525 254 1385 0
2307 271 525 324 0
2308 284 552 525 0
2309 641 284 263 0
2310 264 1174 552 0
2311 1396 163 1319 0
2312 167 1396 1319 0
2313 330 163 1396 0
2314 1315 263 284 0
2315 527 1315 271 0
2316 527 640 1315 0
2317 681 527 271 0
2318 147 640 527 0
2319 154 350 144 0
2320 802 594 174 0
2321 1249 802 361 0
2322 505 594 802 0
2323 644 475 312 0
2324 999 1145 442 0
2325 267 290 644 0
2326 1378 200 1304 0
2327 770 1378 594 0
2328 770 214 1378 0
2329 1388 880 200 0
2330 219 1388 214 0
2331 219 880 1388 0
2332 1375 193 1287 0
2333 880 1375 200 0
2334 880 193 1375 0
2335 590 1319 163 0
2336 235 571 147 0
2337 455 165 318 0
2338 1211 455 318 0
2339 970 1211 318 0
2340 801 404 1211 0
2341 849 1153 734 0
2342 282 399 158 0
2343 273 736 709 0
2344 961 16 15 0
2345 14 1217 15 0
2346 1318 566 1117 0
2347 1352 1318 1117 0
2348 917 507 1318 0
2349 998 366 1146 0
2350 736 998 402 0
2351 1280 366 998 0
2352 427 1280 998 0
2353 427 340 1280 0
2354 396 1108 28 0
2355 1360 849 591 0
2356 772 1360 455 0
2357 772 849 1360 0
2358 1108 1144 29 0
2359 28 1108 29 0
2360 940 1121 1144 0
2361 1398 974 772 0
2362 1129 1327 940 0
2363 1129 974 1327 0
2364 1255 1129 396 0
2365 27 1255 396 0
2366 688 1129 1255 0
2367 688 158 1129 0
2368 1121 523 159 0
2369 1144 1121 958 0
2370 30 1144 958 0
2371 1108 940 1144 0
2372 565 523 1121 0
2373 396 28 27 0
2374 688 1255 26 0
2375 772 455 1211 0
2376 565 940 1327 0
2377 734 362 849 0
2378 709 591 849 0
2379 273 709 362 0
2380 402 1372 709 0
2381 165 455 591 0
2382 1006 1121 159 0
2383 1398 772 404 0
2384 396 1129 940 0
2385 1153 849 772 0
2386 1313 1153 974 0
2387 1335 399 734 0
2388 158 1335 1153 0
2389 158 399 1335 0
2390 404 502 565 0
2391 316 676 1152 0
2392 483 807 155 0
2393 141 576 676 0
2394 746 417 521 0
2395 940 1108 396 0
2396 26 25 688 0
2397 318 165 228 0
2398 970 801 1211 0
2399 276 970 241 0
2400 276 393 970 0
2401 1398 404 565 0
2402 1327 1398 565 0
2403 1327 974 1398 0
2404 801 502 404 0
2405 241 970 318 0
2406 1033 730 847 0
2407 970 1033 801 0
2408 393 730 1033 0
2409 502 523 565 0
2410 25 587 688 0
2411 318 228 241 0
2412 833 884 21 0
2413 20 833 21 0
2414 557 399 884 0
2415 1347 399 557 0
2416 648 1347 557 0
2417 734 399 1347 0
2418 1153 772 974 0
2419 709 849 362 0
2420 591 455 1360 0
2421 1153 1335 734 0
2422 1209 23 22 0
2423 468 586 1355 0
2424 24 282 587 0
2425 1313 158 1153 0
2426 1129 1313 974 0
2427 1129 158 1313 0
2428 27 26 1255 0
2429 587 158 688 0
2430 24 587 25 0
2431 282 158 587 0
2432 23 282 24 0
2433 1209 22 884 0
2434 1068 557 833 0
2435 20 1068 833 0
2436 471 560 1306 0
2437 362 1347 648 0
2438 1068 20 19 0
2439 19 471 1068 0
2440 734 1347 362 0
2441 884 833 557 0
2442 1209 884 399 0
2443 282 1209 399 0
2444 282 23 1209 0
2445 22 21 884 0
2446 1306 560 1361 0
2447 1068 1306 557 0
2448 1068 471 1306 0
2449 18 836 19 0
2450 961 1245 16 0
2451 1352 961 1217 0
2452 917 1352 436 0
2453 1117 961 1352 0
2454 560 1117 566 0
2455 1245 961 1117 0
2456 1026 1245 1117 0
2457 1026 17 1245 0
2458 18 1026 836 0
2459 17 16 1245 0
2460 793 489 917 0
2461 1142 273 648 0
2462 507 1142 566 0
2463 427 736 1142 0
2464 489 1244 507 0
2465 704 1311 622 0
2466 1319 590 1031 0
2467 1270 1319 1031 0
2468 167 359 1396 0
2469 366 490 563 0
2470 1146 402 998 0
2471 571 586 131 0
2472 468 1372 493 0
2473 131 586 493 0
2474 228 165 468 0
2475 490 266 1311 0
2476 1280 490 366 0
2477 1244 280 643 0
2478 340 1244 490 0
2479 340 507 1244 0
2480 1026 1117 560 0
2481 793 917 436 0
2482 507 566 1318 0
2483 1244 643 490 0
2484 917 1318 1352 0
2485 1366 951 1222 0
2486 643 1366 225 0
2487 883 951 1366 0
2488 280 883 643 0
2489 1066 830 1090 0
2490 239 1066 883 0
2491 239 628 1337 0
2492 489 280 1244 0
2493 427 507 340 0
2494 1339 239 280 0
2495 793 1339 489 0
2496 793 1286 1339 0
2497 507 917 489 0
2498 436 1141 1267 0
2499 14 759 1217 0
2500 14 13 759 0
2501 1339 280 489 0
2502 1141 12 555 0
2503 1217 759 436 0
2504 1352 1217 436 0
2505 961 15 1217 0
2506 13 12 1141 0
2507 160 108 109 0
2508 11 555 12 0
2509 1337 360 1393 0
2510 1066 1337 830 0
2511 628 360 1337 0
2512 1339 1286 239 0
2513 923 1075 8 0
2514 1141 555 1267 0
2515 759 1141 436 0
2516 759 13 1141 0
2517 11 10 1197 0
2518 1146 366 590 0
2519 493 1146 131 0
2520 493 402 1146 0
2521 591 709 165 0
2522 1280 340 490 0
2523 736 427 998 0
2524 709 736 402 0
2525 273 1142 736 0
2526 836 471 19 0
2527 17 1026 18 0
2528 560 471 836 0
2529 1026 560 836 0
2530 427 1142 507 0
2531 1142 648 1361 0
2532 648 557 1306 0
2533 1361 648 1306 0
2534 566 1361 560 0
2535 566 1142 1361 0
2536 273 362 648 0
2537 643 266 490 0
2538 239 883 280 0
2539 225 266 643 0
2540 1311 704 1270 0
2541 225 622 266 0
2542 225 1094 921 0
2543 1075 9 8 0
2544 1267 1197 875 0
2545 10 9 1057 0
2546 1203 707 360 0
2547 875 1203 360 0
2548 875 1057 1203 0
2549 1267 875 628 0
2550 1197 10 1057 0
2551 875 1197 1057 0
2552 555 11 1197 0
2553 1316 346 696 0
2554 707 1316 360 0
2555 792 346 1316 0
2556 923 792 707 0
2557 1203 1057 1075 0
2558 7 6 993 0
2559 630 242 792 0
2560 1039 335 1182 0
2561 1147 1039 135 0
2562 857 691 1039 0
2563 1085 754 913 0
2564 1119 753 955 0
2565 691 1119 335 0
2566 956 753 1119 0
2567 1305 624 230 0
2568 320 1305 257 0
2569 320 679 1305 0
2570 1182 303 572 0
2571 135 1182 572 0
2572 1189 1053 303 0
2573 335 1189 1182 0
2574 335 1119 1248 0
2575 1039 691 335 0
2576 398 1147 135 0
2577 603 913 857 0
2578 1147 733 1001 0
2579 1085 430 754 0
2580 603 1085 913 0
2581 188 1158 1215 0
2582 696 454 918 0
2583 1094 430 1223 0
2584 1366 1222 1094 0
2585 1222 430 1094 0
2586 956 754 429 0
2587 753 956 429 0
2588 691 913 956 0
2589 1085 603 188 0
2590 956 913 754 0
2591 691 857 913 0
2592 1366 643 883 0
2593 798 498 624 0
2594 667 798 624 0
2595 499 454 1232 0
2596 1189 499 1053 0
2597 454 696 1232 0
2598 993 923 7 0
2599 5 993 6 0
2600 792 923 993 0
2601 1316 707 792 0
2602 360 628 875 0
2603 1059 993 5 0
2604 630 1059 876 0
2605 630 792 1059 0
2606 876 4 386 0
2607 722 876 386 0
2608 1059 792 993 0
2609 684 281 160 0
2610 297 370 292 0
2611 297 251 370 0
2612 3 386 4 0
2613 792 242 346 0
2614 4 876 1059 0
2615 797 230 624 0
2616 242 797 498 0
2617 722 1168 797 0
2618 876 722 630 0
2619 1285 385 1168 0
2620 1 386 3 0
2621 1168 230 797 0
2622 1285 1168 722 0
2623 386 1285 722 0
2624 386 1 1285 0
2625 385 213 1168 0
2626 1248 499 1189 0
2627 1232 346 242 0
2628 499 1232 798 0
2629 696 346 1232 0
2630 918 830 1393 0
2631 955 918 454 0
2632 1090 951 1066 0
2633 753 1090 918 0
2634 753 429 1090 0
2635 918 1393 696 0
2636 498 1232 242 0
2637 1248 454 499 0
2638 1248 1119 955 0
2639 454 1248 955 0
2640 1189 335 1248 0
2641 753 918 955 0
2642 691 956 1119 0
2643 951 883 1066 0
2644 918 1090 830 0
2645 1222 754 430 0
2646 1337 1066 239 0
2647 1393 830 1337 0
2648 1316 1393 360 0
2649 1316 696 1393 0
2650 1090 429 951 0
2651 1267 555 1197 0
2652 1286 1267 628 0
2653 239 1286 628 0
2654 793 1267 1286 0
2655 793 436 1267 0
2656 1075 1057 9 0
2657 707 1075 923 0
2658 707 1203 1075 0
2659 1305 230 257 0
2660 1053 798 667 0
2661 498 797 624 0
2662 1232 498 798 0
2663 242 630 797 0
2664 385 1285 1 0
2665 630 722 797 0
2666 784 821 1 0
2667 213 257 1168 0

